0.363781071538
0.787946113163
0.560159489679
0.836547356858
0.806081260013
0.794342029042
0.591686606844
0.602017651455
0.681149784247
0.401307158582
0.812221343373
0.568479483022
0.908092957647
0.814551677542
0.884219548422
0.611169378855
0.846699331606
0.670469905925
0.664823321163
0.569669006558
0.362799250967
0.482260078213
0.65648336691
0.555417431769
0.82356510959
0.398497624076
0.765766180179
0.395933392763
0.760665471091
0.808892282537
0.793174878759
0.824539070033
0.719926791403
0.479863136763
0.837304178198
0.784003987108
0.809753376422
0.755064849854
0.784084959744
0.731337903158
0.82932612321
0.83741939288
0.547317777848
0.658571847503
0.772671021667
0.459714345282
0.724079646424
0.875945754638
0.798089857711
0.757793969993
0.310925128022
0.848833003808
0.870240804816
0.644217339697
0.791665587865
0.587877323155
0.539987327325
0.773401242568
0.487808227062
0.824668996236
0.734648081097
0.824972138209
0.686604027288
0.677679200742
0.623447482742
0.471513120641
0.78125631039
0.867832930548
0.838814650554
0.346093044059
0.40823833816
0.790058388379
0.804711159389
0.574768357799
0.748500726729
0.804744074205
0.721844283629
0.522044344667
0.80164602601
0.257907193471
0.910722236611
0.683449717731
0.879881896113
0.900177504644
0.599413349974
0.864563863534
0.93785309194
0.493499062179
0.52011040529
0.833989793119
0.719344869026
0.444919432139
0.352191394353
0.940516473922
0.759059361872
0.862374733501
0.801663350698
0.769234230027
0.87592039877
0.63823089879
0.227329754043
0.918372041192
0.454738901889
0.703558497639
0.827120139085
0.709292552338
0.299389942445
0.892994344565
0.44113303491
0.877911748569
0.194507857544
0.521512691845
0.738129633937
0.501526324586
0.727367229173
0.868168504621
0.603980709307
0.448956704733
0.468362273742
0.429305831079
0.841265064782
0.419942859417
0.827315229097
0.87815619785
0.492951233632
0.233662329537
0.912040975786
0.45899095908
0.436139725099
0.832240105665
0.817812832418
0.360297405248
0.582950610053
0.415821773136
0.884440156487
0.748933090727
0.880148386482
0.487211473327
0.895893811242
0.805140840866
0.911700013139
0.854047303431
0.817972836185
0.544966958086
0.873720682567
0.701778896585
0.855369928945
0.464779045294
0.597765637991
0.828297972614
0.833031540548
0.850058371986
0.527300347387
0.446091218607
0.431049825914
0.797853594308
0.532630976109
0.419364448032
0.781328905962
0.660789177059
0.53080753995
0.448565886873
0.610737003548
0.799612513685
0.559255459966
0.60206037251
0.370698791038
0.859542234203
0.864206321596
0.858145919558
0.391622703201
0.820083534381
0.85292603348
0.707178004178
0.477289014685
0.881296194793
0.851802866382
0.393969320253
0.564547592346
0.655992512193
0.625643634177
0.841160210879
0.489847598835
0.540529489786
0.760398378567
0.395642577411
0.427945107551
0.786282169482
0.611761825807
0.374237197366
0.892667844619
0.847664617731
0.853245050178
0.685715549338
0.539032515586
0.918405699967
0.552553787666
0.616339603393
0.772833035454
0.866981726126
0.818854414903
0.711222499254
0.422883812624
0.703886685127
0.721012864576
0.788111450381
0.848098164076
0.231355146118
0.402996826952
0.72317141412
0.768879706143
0.625440568151
0.679043341114
0.440902209867
0.220795050773
0.584977177279
0.948530759333
0.813093897076
0.805354703012
0.444462624715
0.924142781311
0.74226982848
0.708873700658
0.374385203365
0.388420256221
0.927309318567
0.866166884694
0.762699319194
0.907896162916
0.8362183757
0.869747567832
0.879441070375
0.794748266559
0.508915730956
0.38972024719
0.370435527191
0.9515628741
0.732131449993
0.549788296243
0.462985681598
0.849951548521
0.598590120151
0.804654184259
0.566900784469
0.596724747854
0.810129862667
0.806958526323
0.325401244694
0.954892975409
0.722677997277
0.373796712269
0.667241127228
0.688417254924
0.577528206447
0.609410197
0.81348223538
0.697885193288
0.83984577668
0.34509301482
0.862268296542
0.727095929022
0.753718194299
0.738439967065
0.656618650114
0.551345217366
0.411230368886
0.486749236859
0.649577946352
0.301773069704
0.674107573782
0.553534654664
0.450145191831
0.783346262836
0.863988648869
0.793063912339
0.88599230835
0.476913587358
0.771231509123
0.928589302181
0.652262236295
0.418669607016
0.640046905139
0.436667767093
0.75342872684
0.761015027077
0.316036667645
0.563049215808
0.654873647753
0.712178735877
0.374323001026
0.592359634936
0.716139150289
0.444871743992
0.704372414642
0.651519579825
0.709948127582
0.216324045056
0.506203693025
0.623681384897
0.827838629687
0.718172397397
0.813230901177
0.798797032121
0.597424225699
0.818861374059
0.807728078532
0.741004965595
0.854385503206
0.762194318222
0.777182270988
0.735532478619
0.540186484727
0.877744043415
0.564291686913
0.422200819362
0.69707052712
0.681629702449
0.246228424009
0.733722863563
0.830903356368
0.846722496837
0.719658118409
0.667119735011
0.548573177301
0.490434615924
0.542780468992
0.744840455326
0.723293884739
0.605578218475
0.941830410196
0.470904569955
0.711711982457
0.681274714251
0.780971000461
0.439234907896
0.546597806141
0.620728633479
0.79578713332
0.456303599909
0.695467963436
0.516030427553
0.614290330451
0.594221716698
0.446048675895
0.653827103929
0.811534992983
0.75615618834
0.659496994311
0.462428863761
0.845329145044
0.66659561689
0.784965314713
0.712483082882
0.796195807853
0.664575725863
0.55405449549
0.843527951643
0.285719517171
0.355781083709
0.430005865333
0.637025505478
0.535799588416
0.404681056838
0.527850377903
0.58105043333
0.439208469602
0.432463381499
0.558499099026
0.411914132779
0.357686441761
0.530739018715
0.490926172352
0.365138288595
0.427709136204
0.285401634667
0.542146223321
0.406987939893
0.576386852778
0.315557579877
0.467468472947
0.423914652919
0.634893255237
0.615549895486
0.534543933485
0.563074701281
0.551611989873
0.405397791705
0.349898642252
0.497269257707
0.565027299142
0.597824639769
0.599153963684
0.246471627041
0.414219329232
0.481619950409
0.484292274352
0.578517559284
0.609519340896
0.583052901453
0.477750717699
0.583644710843
0.270266930506
0.717446915054
0.650371405929
0.583333690273
0.704155324389
0.629481810687
0.804168280326
0.768325953441
0.715698425547
0.581405354162
0.784171218205
0.656894607101
0.566179331564
0.744709764143
0.870735223159
0.480614872424
0.600231235977
0.769115121815
0.616237646065
0.853281181647
0.566241022548
0.682784713087
0.765684847761
0.714130211117
0.801698719608
0.708374654294
0.738382363876
0.825478697471
0.68091807917
0.735373149189
0.659701199062
0.530785779216
0.745648536242
0.890097606597
0.829668987391
0.568414279904
0.70995214407
0.868931924707
0.404498766292
0.579996064962
0.547618634803
0.613485856749
0.743223076755
0.81928885575
0.796789321888
0.771918269151
0.857812489842
0.804450514657
0.730456344617
0.503616507832
0.619219309581
0.818761539307
0.539325361199
0.806832657273
0.366632342614
0.859354800323
0.620266661913
0.593103364372
0.530808591446
0.530212774123
0.787115620804
0.591058013715
0.828526386082
0.541217300288
0.433876293507
0.595928857192
0.785732407786
0.516285169117
0.606370647483
0.761312607199
0.799111008944
0.507144410553
0.755103770869
0.802319854672
0.546049755338
0.600235977247
0.375630745667
0.397003687139
0.552518353485
0.754771918937
0.631878230478
0.758379440779
0.440461440428
0.605542292424
0.73569343086
0.744554200272
0.721463101017
0.832322930683
0.732052688768
0.762290765607
0.699811429906
0.689378621506
0.785114014022
0.782705369533
0.823322804322
0.425602751086
0.728803461506
0.693504933678
0.914438676681
