0.255022259997
0.156974196922
0.713755875395
0.0324633433236
0.12682785189
0.338722923042
0.0622138843051
0.207090033816
1.21264904173
0.881100762767
1.25
0.261889667779
0.117905514026
0.386546107027
0.259316571571
0.22255428101
0.493402474339
0.514358301218
0.459188062361
0.250950491975
0.353658667077
0.717569954434
0.101781776458
0.985461839593
0.394871888233
0.115469516468
0.50937766424
0.178644815909
0.848182330858
0.0618274102518
0.0163273418858
0.634088264696
0.0688738447289
0.509800128532
1.33333333333
0.778477938882
0.321614136238
0.0619742790113
0.0331387922961
0.37047380807
0.39853669923
0.619567038784
0.316317355492
0.362858017872
0.101674591977
0.120115264731
0.765107569526
0.153921742137
0.114052386374
0.626306386596
0.284665847808
0.364538700901
0.263806775482
1.1380298689
1.09132952137
0.195645324231
0.67917886671
0.710678428534
0.589840371838
0.763486693939
0.239325557639
0.649751327783
0.456133498603
0.11950627901
0.295535868049
0.249225617821
0.564235025373
0.143956980163
0.782059635033
0.652360300244
0.292046823887
0.133552371997
0.532320789221
0.29485027058
0.351943077388
0.361476499111
0.807088802811
0.858618796427
0.228283349739
0.525079113543
0.435005359104
0.769204531402
0.487461155393
0.193286937218
0.216730521118
0.169714077336
0.541911172107
0.202297253764
0.57890425144
0.220071322499
0.285661658322
0.137204714387
0.399557746706
0.17215312664
0.974689874546
0.184295579144
0.108983140075
0.222771099238
0.0814805780218
0.171570325655
0.654238829858
0.583114467172
0.609042838303
0.186321882702
0.930233292654
0.381791417295
0.193108596727
0.640351439042
0.459418032451
0.379586963367
0.715774964253
0.438826263308
0.300036253553
0.150850214113
0.201999916784
0.298423469179
1.5
0.1575285615
0.168513145847
0.127331622893
0.146455948947
0.169660200249
0.268148491235
0.394218982865
0.137047525162
1.02022061708
0.284021646775
0.558359663426
0.0476624530163
0.117586537692
0.192047041912
0.149259182605
0.402315150073
0.344605604959
0.0787629276261
0.309563771415
0.286864968971
0.167919143535
0.105908203214
0.321592735848
0.442751556756
0.487512712904
1.12292206322
0.728833415341
0.499563176239
0.26330432384
0.108957651606
0.274955520581
0.216240903492
0.744184009263
0.694728546148
0.194090538878
0.239593806396
0.219568875745
0.225048450639
1.13606181252
0.197441379409
0.417346383921
0.10343213476
0.315113584593
0.256274132214
0.283798461839
0.192601586602
0.264515031996
0.290618377018
0.339935462833
0.118030086845
0.294813001231
0.198887812092
0.387162492157
0.345561860197
0.214248136158
0.165036567817
0.103189378282
0.331405991372
0.0590668221777
0.333004606108
0.201225413139
0.583924941283
0.231824198862
0.319056316679
0.264709043039
0.97291784568
0.242108294445
0.269606676526
0.423630201012
0.167094887557
0.658864773153
0.338545015582
0.636803885638
0.146289787548
0.177732157612
0.464447537225
0.148046535806
0.737646973803
0.206675303922
0.172030301387
0.0841481412665
0.0887774791913
0.225761461957
0.193867835531
0.215656522839
0.463607326448
0.411599014575
0.308457310239
0.107844754838
0.527701286075
0.451628210394
0.256783828174
0.232946753735
0.329972903066
0.329215444431
0.223701211147
0.30154791726
0.600703777314
0.271134021309
0.345556440438
0.33733879792
0.147337191747
0.0856114952639
0.45137226352
0.304488152565
0.246627516874
0.388005465592
0.590599483846
0.0972243406865
0.182672486135
0.282048509717
0.554520876152
0.359175673306
0.532383692745
0.652557523899
0.224216072503
0.781645033639
0.149260537807
0.296614537116
0.267686977689
0.0934496046013
0.653319816266
0.0967357497256
0.334957253927
0.34292917058
0.118775382219
0.191009127564
0.10107527563
0.171143080675
0.401954417033
0.597394001212
0.380741008727
0.336009656059
0.125272900964
0.278293735269
0.39933879848
0.429455953035
0.371023561508
0.195622176501
0.18829341401
0.221613336185
0.316008108923
0.159234310469
0.125301026095
0.0560351620036
1.32787018498
0.481619972859
0.166089763186
0.145796406848
0.514386770393
0.514903783797
0.154516001533
0.249522879772
0.790643916391
0.325712960559
0.224176959912
0.234628393348
0.868238362038
0.293281705
0.46882225081
0.260614318863
0.311287879866
0.881922054682
0.671459581284
0.135338070172
0.311810223308
0.211559902856
0.0878479036538
0.0867812118752
0.732494960111
0.278835079985
0.852409914116
0.309662217417
0.0819988561444
0.320195049361
0.635791095215
0.327500907592
0.146215760843
0.378880147099
0.311322933803
0.222594061766
0.0943157909361
0.25643258212
0.248168140544
0.213534124696
0.230896417939
0.0598176877251
0.117157379013
0.658834169745
0.169346653154
0.594438903924
0.423792302848
0.580812471105
0.202783895345
0.273260298423
0.185035144891
0.231205583906
0.105764039587
0.019529681344
0.508974925548
0.384267761481
0.465355327788
0.160007967091
0.318828028657
0.352612451196
0.0715706912403
0.321855102498
0.0652660397959
0.16102357478
0.697143234018
0.379416925348
0.0760435725175
0.0525003420753
0.398868105909
0.252097540446
0.466731633868
0.0821806223291
0.211981661245
0.120528790616
0.335857376438
0.224182776739
0.105867572443
0.276667500812
0.38764517792
0.245717068207
0.296334021649
0.156863731595
0.0726564647399
0.520154421995
0.142199254275
0.0967273461208
0.704211715197
0.073318261976
0.0311224778447
0.22100564792
0.112884374923
0.1139143135
0.737636843528
0.264632982939
0.142014998235
0.391082681948
0.0796710352464
0.127364689818
0.312022324028
0.427318993101
0.481491979982
0.107832727093
0.19419790098
0.072861972611
0.2028345058
0.119699877047
0.555232501634
0.241072991517
0.0387509019083
0.025725802466
0.152997354342
0.431747490113
0.399647888844
0.369997550765
0.51257320842
0.255412565192
0.28416982425
0.122129344832
0.17817522855
0.127197114695
0.347093469874
0.118263797288
0.196707610488
0.194368669594
0.214963996582
0.0385331947559
0.805830916675
0.264030803467
0.256617769335
0.761459040728
0.297455901828
0.72560773093
0.185378244851
0.357448315815
0.0815929985944
0.225779651396
1.21806208052
0.0203180068279
0.1123068314
0.430816673238
0.458161116113
0.0484181360837
0.222149476651
0.482048273122
0.0935078592691
0.499852430613
0.198592633865
0.38969161026
0.0651481380798
0.330345067626
0.179735679957
0.122521840045
0.35571157122
0.358525504594
0.230242132165
0.093249664101
0.469284338316
0.201440905743
0.258655329946
0.0848772262562
0.415627864841
0.275597368263
0.216428627916
0.422666536289
0.0679947169525
0.115114727383
0.342397072548
0.454692355468
0.289945143523
0.395519053785
0.284579727356
0.616192381592
0.190731356524
0.260343528228
0.0787490004314
0.061466158988
0.28144488838
0.274596798075
1.21116364716
0.790015391994
0.147265275167
0.0349976171668
0.240382488716
0.695652375661
0.376290147669
0.133672178739
0.09183726124
0.266341036509
0.247326446962
0.172202287901
0.0700526366198
0.116497726443
0.0874710684399
0.71278786331
0.255257594473
0.246328502902
0.433094961029
0.125061481938
0.111819426625
0.207778892182
0.204527198043
0.344819033674
0.167086318272
0.239555272891
0.161543151166
0.148276224404
0.348387048228
0.556109414944
0.0160588718925
0.064891533604
0.0805671763983
0.213227730506
0.0454361151202
0.334459867331
0.214854976453
0.0376570485897
0.12922201924
0.261255983382
0.0935016311438
0.179285933119
0.117574448211
0.130252496936
0.237331822153
0.114531729823
0.257862409371
0.042545397785
0.236134943275
0.458109247113
0.0768690185088
0.29822858456
0.717678956379
0.762370435043
0.781550870296
0.258885042135
0.439360485692
0.578062689978
0.0825761133794
0.545462384963
