0.290992481465
0.637098058172
0.303801781744
0.800544926926
0.61421297031
0.811996451373
0.284336436238
0.340344466895
0.525158921162
0.264991916894
0.742469822728
0.298581630904
0.734242206029
0.7606379272
0.683840547156
0.343466357577
0.782656512855
0.409238969927
0.583349170082
0.310696257951
0.237942127853
0.312123266801
0.673289762338
0.354894427339
0.703907853728
0.251742543218
0.759999996525
0.251494163142
0.703118402048
0.733180887546
0.810995308713
0.700389859953
0.498834032603
0.378661035725
0.672545229897
0.618566081782
0.680256817829
0.685593978286
0.577202997134
0.818114522824
0.804166776429
0.864326482457
0.385919616347
0.371872792718
0.850777285629
0.260245894853
0.505220328534
0.762322119691
0.848548171657
0.799211626524
0.278853264182
0.8124508699
0.838108379445
0.314482396028
0.525490398592
0.458077216805
0.317972112225
0.569914761104
0.253632686581
0.798419465906
0.746833655077
0.610154256336
0.443569649352
0.493751737581
0.314294565323
0.418413576722
0.728925505862
0.735099196182
0.615451699014
0.24122655089
0.280084378778
0.707286722021
0.596884409191
0.573335928071
0.545314948154
0.789456212208
0.96020927469
0.316175650831
0.82922291788
0.205883341805
0.856349151811
0.505507196641
0.89919882175
0.820553090092
0.733883018617
0.820262846072
0.844596245575
0.473368321009
0.247269512372
0.949214548098
0.550530794438
0.232422728536
0.224030449319
0.942541903982
0.936522550769
1.00000009967
0.950114899056
0.935165762851
0.941675924573
0.394421617866
0.333615568721
0.889051367101
0.263701349992
0.395102188986
0.898135812301
0.819878474445
0.436789721884
0.860327437535
0.495483142919
0.792625203014
0.19417543342
0.255727244369
0.92376108851
0.532533816224
0.562195746774
1.00000003004
0.579989010666
0.247718942921
0.625232954064
0.300101131338
0.860171485977
0.492476540236
0.944476427154
0.965698806935
0.442133372213
0.208029134339
1.0000000594
0.23207741089
0.481514839582
0.794109088849
0.858152108103
0.194979908156
0.500364721616
0.272014699072
0.714724641704
0.902631499412
0.969273370973
0.287225523807
0.907116898803
0.827948732706
0.987110203172
0.908005611822
1.00000001516
0.450422822054
0.870773683612
0.442837376432
1.00000002924
0.271641986592
0.3246296621
0.813357673424
1.00000007675
1.0000000322
0.52938402643
0.61993923762
0.325608730508
0.884202590178
0.293050205235
0.428026813585
1.00000007754
0.419471489831
0.567536969464
0.652441603437
0.821203125506
0.793364851432
0.713008725698
0.467713052028
0.405091770196
1.00000005873
0.871806322547
1.00000004687
0.252451801441
0.94407339136
0.932763200718
0.700001216225
0.743276342845
0.90004150556
0.82899157289
0.294268684945
0.623547632501
0.834431131401
0.655558212756
0.964118151061
0.325205586183
0.417705008715
0.819005144682
0.266888036937
0.223731887971
0.955377097052
0.49581912129
0.267807594592
0.911410812052
0.84659612677
0.892590700663
0.949796784402
0.304507986893
0.888827813511
0.35117614881
0.574216029362
1.00000000031
0.743970527896
0.933821963614
1.0000000485
0.3416476403
0.562653873046
0.99999994813
0.875577660121
0.851072958587
0.198313336695
0.222324057157
0.460993949093
0.971726162299
0.439231662595
0.881124583842
0.236318794022
0.395174233059
0.741240032199
0.949353591646
0.926274446988
0.929391405201
0.264446131383
1.00000005816
0.965322012425
0.607717846863
0.274047026918
0.316944292662
0.945149176724
0.862596098495
0.871598236709
0.923959757128
0.890966898871
0.861822047313
0.821175073741
0.768653268183
0.334330113585
0.381266776083
0.301672671885
0.991973105814
0.892054705789
0.308090513691
0.343283804981
0.919267780686
0.305890109126
1.00000002064
0.385009895596
0.561293767132
0.956290351538
0.964444946833
0.213655609759
0.829112416315
0.564077640859
0.640216732576
0.724056003121
0.686673972275
0.290426089491
0.545253708012
0.611327695441
0.558275275287
0.912010970183
0.316417337651
0.908883368421
0.587270199175
0.606310659552
0.718838048406
0.585494219889
0.580878551261
0.246298330054
0.356253426248
0.783558497486
0.20301111072
0.428793188368
0.35548355238
0.311210127695
0.650239592391
0.91188590221
0.748420189241
0.817359790853
0.451142560169
0.813165455997
0.912343930986
0.67531611954
0.213948337835
0.796198655465
0.257500445739
0.742512975867
0.619254046617
0.64388606828
1.0000000437
0.662749750911
0.576499692788
0.223775998169
0.868880513548
0.757017618923
0.359550593429
0.584825264659
0.696680059965
0.624752284586
0.205490477494
0.279879102508
0.631528591174
0.861618512844
0.690084642673
0.765800006947
0.750888091804
0.752171023093
0.895892258282
1.00000004189
0.559907404708
0.818038336874
0.560373831467
0.627565073542
0.653846261561
0.371621756081
0.90917300412
0.397367089835
0.275655230766
0.521302711844
0.645070774137
0.218302171476
0.642283319131
0.876663113549
0.648852675182
0.623447095583
0.497689348737
0.400930119176
0.315463145296
0.505714751505
0.86269273303
0.725701006258
0.479385035441
0.937713080625
0.309297082312
0.756491747886
0.564228193075
0.674169700379
0.42172224363
0.649918578139
0.558071201768
0.783342298461
0.289644688453
0.72365549225
0.47379249467
0.532962615973
0.403708769569
0.294246240722
0.418981172526
0.949868755995
0.850251173029
0.450330107836
0.286462447056
0.698995922813
0.782003749853
0.546634109182
0.728874191461
0.781582954826
0.327848488384
0.450814738663
0.747079264517
0.26136028264
0.238671183811
0.347659233016
0.79524840586
0.325506936098
0.341034544477
0.375597613035
0.559390718704
0.402697770067
0.310521743378
0.804441912918
0.24528655759
0.32424730034
0.355364002256
0.49115832251
0.379843140512
0.339595426673
0.296256951174
0.3556685992
0.449908278336
0.794723175382
0.240485659075
0.444200741516
0.510838116903
0.436934532472
0.426706736716
0.439841992253
0.501169973155
0.431071065163
0.317829437874
0.339626653157
0.448483265721
0.506189137838
0.525562607273
0.387697033817
0.244160738713
0.62698410951
0.642517957317
0.353889367772
0.42620836417
0.591336286048
0.463942026817
0.472715998991
0.725607199399
0.205776926821
0.718770093914
0.773262208326
0.457044941208
0.494296675856
0.425455386955
0.710447236692
0.763013170812
0.999999982158
0.442536643614
0.999999953615
0.511147368533
0.404841212449
0.933511439094
0.618555996863
0.304151918803
0.542797229299
0.653063011236
0.51896575019
0.846656789472
0.473977554122
0.832728401391
0.652245885128
0.670584002281
0.773236834935
0.583446213716
0.942152523599
0.738113369027
0.771177635108
0.76789103139
0.759162667109
0.415308153417
0.774354322786
0.776991449905
0.906861876965
0.323316438745
0.65909623801
0.792180078372
0.299126868566
0.839668642386
0.483833528643
0.289859961266
0.670917082993
0.824805216254
0.733915590571
0.818044614918
0.776562974415
0.782328073833
0.523914524896
0.329105139087
0.408537531023
0.651649783177
0.280356341497
0.665464211062
0.266090943273
0.78925419628
0.539955664298
0.650438287224
0.493944526827
0.321550712964
0.60135942992
0.902833062328
0.659365253221
0.601832440005
0.263524294057
0.533398053163
0.702164621586
0.40139628415
0.693182793757
0.92861207426
0.642037345971
0.407843580835
1.00000014266
0.676391893409
0.401248388057
0.769873548173
0.300959465551
0.347834239484
0.49423237849
0.98330920273
0.506836775081
0.65526181903
0.281376994821
0.396766476224
0.710798045386
0.684882771804
0.579032489343
0.655426239275
1.00000010784
0.640355642392
0.797537856361
0.529553915498
0.791869659957
0.646622272005
0.833832833763
0.41865889406
0.440995991212
0.722497550577
0.866956817245
