0.379228867326
0.436465016148
0.878885388993
0.202638321038
0.334987454058
0.665434420674
0.346108313543
0.383991757763
0.823841495685
0.841978334721
0.959837310143
0.628459324865
0.23206858765
0.719523469045
0.306739798056
0.52454352352
0.461188132854
0.624966268805
0.389744483015
0.55062593405
0.699867142373
0.894171125815
0.375189820834
0.753249440298
0.518906347233
0.290015765304
0.747734074362
0.535222306935
0.75435549412
0.69735731604
0.676471704394
0.692691448944
0.306428930513
0.345264227304
0.799293690472
0.701027657006
0.440695315856
0.289441760796
0.580838935943
0.69139343655
0.445638498486
0.803269558849
0.80365472198
0.27278118405
0.193517713589
0.17514567244
0.840134802953
0.351646337004
0.209687962515
0.763759898219
0.41421820625
0.523645515396
0.284182103011
0.625732945527
0.882344766328
0.590954160728
0.647029848435
0.831255215208
0.620140053253
0.562606058575
0.545689958539
0.900375620337
0.199263082877
0.719075520768
0.46419179789
0.675899154147
0.80620728075
0.740675911743
0.518840395347
0.878272007857
0.676749051701
0.214248831895
0.585817302634
0.611203458049
0.44087946039
0.465431054282
0.672705259926
0.775599041518
0.243736500462
0.671515364278
0.557059318205
0.914556143109
0.630949651145
0.620009373422
0.637679816595
0.409642860715
0.531416385621
0.587253766496
0.658541192251
0.551260137244
0.611750763387
0.336374920386
0.394215136231
0.710127916363
0.641093927718
0.701563723238
0.546383861307
0.302414250642
0.300766872352
0.443638861152
0.805179902982
0.898987649957
0.483251902414
0.526273086287
0.562251235657
0.284148293532
0.377932817584
0.720246103684
0.479982852201
0.622490111269
0.488724625554
0.951188805285
0.742943061744
0.593167082683
0.372290493676
0.244185027738
0.772319756415
0.218653137668
0.34992283489
0.607327901815
0.348515599217
0.584545560418
0.194882431721
0.360401266871
0.570141553893
0.662497631213
0.494363005376
0.507794255588
0.196084692043
0.472655876378
0.386967349322
0.0698233619044
0.46197353615
0.298718650426
0.819102294773
0.383715106823
0.692835928602
0.30978414191
0.147819503808
0.175561294373
0.518183590501
0.646564573216
0.829187772955
0.74621037309
0.602452875186
0.456023794846
0.273910561946
0.595315962733
0.392928119302
0.559316964333
0.603554658737
0.3115303481
0.817260344038
0.527031957952
0.377602829847
0.866652952514
0.252308065016
0.55978913734
0.457741424022
0.407251069672
0.503870191933
0.234040510612
0.713939330704
0.180473992819
0.206116651364
0.323127530564
0.665179723425
0.386262710956
0.361317175888
0.179274596258
0.485751814976
0.407734820001
0.344005768812
0.390170701364
0.534495779108
0.660554851939
0.536443482521
0.128760685607
0.674396127075
0.215039345675
0.189307356325
0.671190006645
0.614440172533
0.335771866571
0.427760809649
0.423380716175
0.338167678923
0.741878785412
0.377563361453
0.746489314719
0.14784446984
0.236789617002
0.550183163009
0.356128371506
0.470672381913
0.43146106848
0.554062857577
0.527521470583
0.337539921434
0.29038503931
0.666208267692
0.668635897938
0.343840522015
0.770907901963
0.236045267732
0.22392811427
0.682536886318
0.121224555589
0.323701374385
0.356389646671
0.337212836093
0.416040027453
0.494583012046
0.419558389959
0.654352388935
0.300822044125
0.104988186185
0.175824436644
0.472182133972
0.499093106764
0.65797730187
0.166278729262
0.593346552883
0.216963787272
0.399283870584
0.486214078073
0.447416246684
0.188483132391
0.0932467020687
0.105172933142
0.360101162918
0.790349796798
0.517473596637
0.403320054907
0.296541217906
0.484397772101
0.204936921878
0.246137366486
0.533824735204
0.0445902386306
0.235040557519
0.159321345729
0.418893242807
0.717435417742
0.263629973818
0.369950590336
0.317551481259
0.399931839637
0.488580947219
0.376752756394
0.31979934687
0.526854692276
0.589171027873
0.623089058464
0.270798092775
0.263403842142
0.16416195815
0.345522492984
0.464406054031
0.137025878815
0.196850339057
0.134312526597
0.504445836097
0.484874537675
0.383360692442
0.482287526201
0.394446860781
0.634774282204
0.446053404222
0.321643366233
0.627633648821
0.485313486675
0.165459391563
0.316338324838
0.767948673674
0.654328292061
0.134693668796
0.586696579669
0.22923388021
0.481363449797
0.468018705463
0.410143940626
0.319860219851
0.449106175269
0.374696270612
0.289697376017
0.429576180091
0.576695370515
0.60092356925
0.243337667902
0.584110273929
0.175468691715
0.701070107899
0.542351290225
0.142959452212
0.36986596591
0.262356460848
0.561317740154
0.337796978284
0.438530297075
0.707658389231
0.294655333628
0.688215762286
0.353512688828
0.573320836097
0.828016865404
0.548146953918
0.651597284881
0.62806165478
0.655173166709
0.653152365431
0.28307250181
0.626174192202
0.292404294363
0.446562600583
0.368402106902
0.547301311801
0.738510775294
0.654100765582
0.300762882894
0.392051876307
0.656431939218
0.230089124559
0.632914806246
0.378899612791
0.227709140182
0.711168615545
0.513380711695
0.516178613082
0.266986173462
0.551902738333
0.491947679505
0.436329353093
0.203738862491
0.294093315068
0.729565019284
0.597217832947
0.254967280959
0.20036133546
0.42922823243
0.135714728128
0.39746297114
0.51791477072
0.69942083619
0.313218625512
0.771913301741
0.235035679998
0.600784330097
0.743331101378
0.369373825638
0.348397676901
0.294841649739
0.180965665055
0.332740615371
0.689256215232
0.243517464948
0.671684219375
0.362276690209
0.326390217881
0.511445276622
0.436821385243
0.787626802848
0.638579372887
0.288799373907
0.256792113381
0.108793455343
0.539340527052
0.591104160833
0.547057287145
0.346213359685
0.33848842909
0.160107815544
0.260765291551
0.638931720605
0.610588032359
0.763234417331
0.411063589083
0.584586913245
0.564025602202
0.521443473672
0.673364018804
0.120434654659
0.734564714786
0.17235335683
0.53385962537
0.403664022147
0.260277493108
0.545901484792
0.786269738081
0.769884933496
0.769875144727
0.470772276513
0.50787552403
0.818852043577
0.251105069321
0.798958623325
0.644853489994
0.309225366596
0.831757862288
0.467324204846
0.340714852193
0.648848258265
0.715782602943
0.541651126227
0.770911540815
0.456587843407
0.459029341242
0.792342709637
0.163269292319
0.648643286569
0.315397443101
0.66747129255
0.224592741307
0.380224323437
0.467402353428
0.84676740503
0.516305381624
0.342859439118
0.334119699615
0.511945670662
0.212304884728
0.555094224145
0.415477943601
0.377509524708
0.493607794473
0.262496509964
0.457177398013
0.26862531758
0.578770082783
0.615594692146
0.55597962018
0.286545562282
0.393993748846
0.744406167376
0.666893480405
0.473122197162
0.632483773859
0.312969773654
0.670499947416
0.650296668247
0.705665753158
0.36161856524
0.514127981718
0.502757330513
0.619301781392
0.794707873555
0.753925011006
0.153981990466
0.320645113785
0.28182960132
0.523368487594
0.511527402571
0.094886722167
0.328367228918
0.69211713481
0.694033155251
0.527815680381
0.557518320275
0.804666020468
0.100666519651
0.702024687017
0.251101173885
0.685387772851
0.652246916709
0.214873950769
0.559245143624
0.607487467438
0.683250292063
0.494659338392
0.739991781466
0.291775273349
0.285650055932
0.640476119336
0.452739924636
0.427617444876
0.554830730495
0.629125527108
0.328046331913
0.52331923641
0.366633770958
0.411532093511
0.275720840963
0.219756821555
0.254038094647
0.560848709265
0.46924501398
0.7331048756
0.190064723144
0.258780922449
0.792102312686
0.24181349902
0.425286225932
0.618056071401
0.876048092285
0.757561776256
0.64249839068
0.714565805106
0.581281337539
0.351923594157
0.634412198113
