0.143659955605
0.427929778968
0.385109704605
0.773327218539
0.331870652329
0.337760768549
0.798222202623
0.267495908621
0.897593750465
0.252174612251
0.641613394136
0.507246379624
0.366627050626
0.0630619473632
0.44612609132
0.171812205826
0.50052864888
0.204689151531
0.26378931814
0.448239959496
0.168258994872
0.495806423713
0.655031014602
0.295321043095
0.218688624788
0.139156529925
0.6410447098
0.313329683819
0.0718547169808
0.195593648543
0.443838198239
0.351102459202
0.159876045081
0.098694983137
0.396216457454
0.295619468015
0.428556287117
0.207811027829
0.368372159067
0.285576422175
0.319908362289
0.0
0.444286400611
0.212629878861
0.141763836489
0.594499644393
0.209889738798
0.555375457192
0.7384176929
0.647388594374
0.463635480314
0.556258101996
0.364235576274
0.171031913385
0.457176734973
0.307465133123
0.669988105421
0.40145184072
0.293275510115
0.0
0.238576035962
0.298800253736
0.197545985825
0.41686048278
0.495872243203
0.606524211448
0.22571828381
0.321087548783
0.587465417721
0.492932334282
0.0
0.277280973285
0.274099104677
0.0
0.581734678253
0.60071292744
1.00000008439
0.14156037886
0.817087228388
0.468843466449
0.335095116118
0.999999979214
0.424390842983
0.176881811507
0.522212240764
0.238347888644
0.461681135123
0.275864668189
0.348598842852
0.302260633972
0.238048921192
0.129634397374
0.214421854652
0.284206619861
0.457001176638
0.384198804811
0.320702480371
0.303480821529
0.0707750593845
0.0424760508237
0.424486051254
0.180830559851
0.348735932039
0.236529551535
0.458646407993
0.59175509568
0.878523823226
0.269758074367
0.307183580579
0.208322994299
0.366614994528
0.546798492975
0.453853461478
0.420378838258
0.397290654256
0.275653040406
0.604161102795
0.430983082955
0.319584245302
0.569209919565
0.339904514246
0.450712202996
0.683487662367
0.188629007231
0.233226712222
0.274913459101
0.464806174711
0.777287949826
0.64731580845
0.578252936403
0.533029067214
0.451901515374
0.465322973842
0.251081527242
0.636289507639
0.1882058243
0.49672987553
0.0
0.399978000312
0.412336463105
0.388304063466
0.330384587348
0.623506472631
0.296727349969
0.519607902731
0.543518482182
0.465031535832
0.578380746624
0.227135235505
0.711967060948
0.726944764914
0.434102409901
0.418461173825
0.61302492055
0.159091721348
0.401509184214
0.607848397619
0.325010532335
0.0
0.197292939974
0.461402963995
0.600021021567
0.952888583238
0.33133566488
0.237008167957
0.636976767355
0.294834948366
0.259485474895
0.0264713616451
0.435334255337
0.485764111165
0.4752670165
0.226152546527
0.429256176919
0.225065526057
0.455396154763
0.392722917709
0.517958461901
0.643618176444
0.194069811119
0.35591119197
0.204560620852
0.503440033592
0.405082006785
0.559703456187
0.843484902774
0.285067155105
0.368706586978
0.429256313154
0.462786105189
0.121750960781
0.419472344012
0.434049025129
0.286779201043
0.25531760278
0.435511212718
0.392356790707
0.0689333323467
0.474320221104
0.357214442671
0.684307677811
0.481913524586
0.535812339385
0.617211604159
0.287281395719
0.335863379271
0.324043188982
0.324043188982
0.490848053331
0.298860002815
0.322865568567
0.625655241257
0.0902958611496
0.367848561007
0.27720936698
0.259265571227
0.264935769493
0.406534047871
0.267763992436
0.211937898156
0.700013674528
0.256280578133
0.251197177207
0.660179398696
0.267184698974
0.281036590196
0.344330206864
0.424998467431
0.157985272818
0.463269738579
0.150970519605
0.595267518589
0.52180692395
0.50589532834
0.0
0.692832420877
0.599029207701
0.381235214895
0.462749464534
0.278734229569
0.627067555752
0.22018106033
0.530413715757
0.266343082139
0.757692217475
0.689050770869
0.307977468877
0.59467900254
0.505267973196
0.454174076316
0.564662035268
0.614118863065
0.579651654172
0.361395522384
0.463987709341
0.114822221345
0.594661395896
0.366271222164
0.245523607657
0.455296704503
0.551418709866
0.581984888415
0.536084672652
0.591691512367
0.431967687474
0.362284110851
0.364436391251
0.467505128778
0.344627514194
0.418941963775
0.451451817216
0.220303714755
0.390936383353
0.240706117307
0.422803841514
0.293301047039
0.448923901753
0.318044975522
0.26980827606
0.557157367482
0.0897914224567
0.463571266814
0.321274956367
0.15301494939
0.213360288687
0.0
0.124610289283
0.311650157622
0.618389980503
0.580480360548
0.327658084112
0.286699103835
0.290410724573
0.916218019449
0.161713496098
0.409667596408
1.00000003462
0.332440799589
0.359157073455
0.370912048335
0.268937239121
0.472482883991
0.353528219904
0.509212746293
0.535259122482
0.607458800098
0.466621118844
0.414349570438
0
0.352689524837
0.305950654036
0.253443008907
0.333702010588
0.679016794906
0.501541766501
0.264630331282
0.462207558281
0.284757647848
0.4895924434
0.484448818756
0.662419934963
0.511136338431
0.388724571289
0.0
0.198925162775
0.509726994927
0.157446499487
0.428145650538
0.406380852748
0.276761024613
0.140678289551
0.805234109173
0.350976415751
0.407468371055
0.192590279512
0.557571493895
0.427762523542
0.419284061448
0.404146486918
0.169201853051
0.253265815931
0.33728346504
0.300694823666
0.61262714965
0.932044274494
0.18240385278
0.427623033986
0.253373407668
0.349545458964
0.425901396152
0.211848777182
0.362631568098
0.451703814079
0.593137314549
0.306870583593
0.0581561455086
0.258720383136
0.305354151379
0.437641198897
0.260021514584
0.338040148376
0.361615793275
0.432204834782
0.294513704766
0.552611559751
0.367917917174
0.0855464415493
0.0555713686798
0.461829397543
0.297509917779
0.41660693776
0.56855363147
0.369097034958
0.513115343035
0.845705130232
0.422987687605
0.522931845777
0.685964257963
0.211347363735
0.459564666488
0.348932168202
0.3216868792
0.605528795792
0.163508343281
0.233296386253
0.307271740007
0.12587330437
0.222062606103
0.524051822513
0.242209181516
0.555072170752
0.335954580223
0.554007369026
0.529084186657
0.302642082809
0.381280495459
0.509113060586
0.255112953962
0.569993686
0.182440599046
0.400510388773
0.529590765778
0.282523993378
0.359907326764
0.222244724381
0.461551723915
0.134265153493
0.288689892082
0.296462064124
0.39906789954
0.509770741036
0.488705744912
0.565877506229
0.317402559602
0.666984673226
0.397104415104
0.276358024366
0.549010101745
0.205903259307
0.451493848374
0.510924680961
0.0835055929525
0.78316745882
0.0683168074818
0.250610209329
0.414767381631
0.579187747599
0.0556793611058
0.27989830193
0.454196531978
0.498921532524
0.759656617068
0.0984469669663
0.70504498019
0.640087343798
0.276429999954
0.292378793887
0.160814415232
0.591621220181
0.281399908345
0.277550432516
0.0
0.501326910017
0.524958344031
0.723711693907
0.355860126167
0.176806526355
0.430383690985
0.242983850429
0.484878637018
0.517994315648
0.421904751342
0.479730417339
0.681079531911
0.3977451186
0.0518948328709
0.267925690231
0.36537766839
0.52033280412
0.359465322583
0.355779726124
0.37734293652
0.214047524904
0.193879528099
0.246479815388
0.467380969289
0.57206927721
0.32267122146
0.366420175754
0.174099538575
0.486093655123
0.447379010838
0.452228066468
0.345000109906
0.264551631132
0.390112927764
0.570606152645
0.370836576606
0.497490544334
0.313288070799
0.538349736073
0.0974318480099
0.458495636382
0.286860962386
0.531597380898
0.441629119467
0.554085909919
0.673048247719
0.538231780339
0.213544657874
0.621723358708
0.106413748357
0.454288428816
0.371774859202
0.158391208968
0.354107200446
0.457820538235
0.258617909945
0.503780316888
0.138008461966
