0.320439040306
0.122009727055
0.101254927922
0.231794542091
0.107936475846
0.383584289319
0.425783761014
0.373577331042
0.174373298895
0.583483041356
0.401489489173
0.465077772334
0.110612473557
0.188736215893
0.358190648835
0.275126918902
0.21676740038
0.446095077799
0.341896797396
0.367120769904
0.228329611968
0.494136820184
0.449100141534
0.311256846492
0.146660317692
0.217582190151
0.579198885485
0.309114487499
0.571729736791
0.274349285288
0.471577093793
0.17478232545
0.314849480489
0.381479259209
0.340788091385
0.211988296397
0.364781109614
0.12959603212
0.443898170742
0.473377342657
0.122137364979
0.348381727605
0.205240386297
0.510906650952
0.293438982705
0.321383930455
0.481106495274
0.20487180723
0.396756248649
0.608643788814
0.620927200141
0.211710066432
0.236214670088
0.584700588026
0.371715905916
0.35472523454
0.369708902435
0.238333935927
0.280496895582
0.309741536988
0.0541438699376
0.582519212619
0.0873410439009
0.204824926958
0.207320413765
0.425027295122
0.335445142327
0.191517162962
0.561365959184
0.629537505335
0.484348801582
0.503611671226
0.291907132406
0.424420625697
0.317029674011
0.386363973129
0.252024243235
0.271555298127
0.0359994526379
0.469173200521
0.333353429582
0.728821762287
0.251448399703
0.602705713934
-0.143077412459
0.578388514228
0.358092570605
0.40147321806
0.167178771981
0.498867661479
0.458213950858
0.396445567934
0.378502623237
0.439108555219
0.500878404963
0.20814897104
0.435431653477
0.55171155711
0.421536802785
0.128206522291
0.449883265786
0.459021243599
0.174291447544
0.445954850067
0.283701047917
0.365108155393
0.345984999662
0.557429214942
0.292640045063
0.054446631839
0.533744995529
0.183025913771
0.36927180527
0.273680689696
0.249085139861
0.245454872678
0.513396347218
0.337880747342
0.662728673589
0.131379427613
-0.0689446368222
0.423884131173
0.410540409749
0.149301669733
0.199783566336
0.148580781452
0.316835476323
0.339653608521
0.261094302976
0.14757856116
0.20257380459
0.199619452609
0.337609049444
0.139115395096
0.25596191635
0.268106897493
0.166798500723
0.246690572556
0.202943357505
0.222644437963
0.21388257918
0.229160377778
0.139443465558
0.334334487928
0.224654079931
0.360511161427
0.338770643587
0.244190613068
0.214071740468
0.292430117626
0.385962539265
0.094140117725
0.428246490978
0.423669223632
0.155330759522
0.137070054952
0.391162069364
0.32227381202
0.0723284439066
0.236314542915
0.293594065314
0.161927575522
0.316044319565
0.155654952542
0.164414399298
0.208739890101
0.0954043125998
0.202787232699
0.25698096523
0.212318282522
0.269714551948
0.337519589829
0.146397406286
0.152494488906
0.194427896616
0.211677230064
0.258439363075
0.468564147273
0.0729225189113
0.29644586791
0.309920670196
0.082029191951
0.154293227093
0.247941657608
0.119937192198
0.230083358849
0.425181330009
0.44077585005
0.572465197093
0.2364933787
0.114732853841
0.224721224079
-0.0361825746127
0.00832804578572
0.228593673261
0.200388803656
0.263124692637
0.204673793525
0.403819135317
0.120897229993
0.172005982295
0.205242736449
0.226528637823
0.193931134004
0.26836396663
0.169797767938
0.251996926271
0.3550968427
0.19837012741
0.311206921329
0.292148893537
0.184591349228
0.268320775085
0.226759846473
0.376609312009
0.334987208317
0.23839550671
0.35592444644
0.580016032818
0.319259051175
0.533045647712
0.200209074021
0.508529468407
0.498039142398
0.206103509265
0.4938602142
0.425606368641
0.263953128671
0.299457292407
0.677450832666
0.437548656505
0.163849111417
0.408981449784
0.192776989349
0.481015172456
0.264890173712
0.240327959311
0.323960103047
0.307719732742
0.303720584365
0.406241883402
0.288211514169
0.307264054547
0.393364901133
0.147652997681
0.228347150863
0.380208981342
0.350950735593
0.484470510825
0.436448244527
0.337349199048
0.0524606120304
0.329283552602
0.312988007549
0.187193500841
0.397910135575
0.229248329366
0.273543582577
0.337040475177
0.590750291387
0.233563080941
0.0948518028917
0.391781603952
0.342106312791
0.351174546033
0.338344750852
0.227041816656
0.266897494104
0.312271228689
0.253223133629
0.439388685805
0.527598114469
0.277403026851
0.277094736653
0.119916128335
0.332139211592
0.331873494959
0.325858422399
0.345983776297
0.735170831068
0.228982070809
0.22156539107
0.408265108096
0.250268617937
0.278337604622
0.252089260664
0.570188332307
0.462634901101
0.277383937453
0.27812050463
0.201978152938
0.37639175618
0.194780302517
0.306108122474
0.469417447928
0.348126912394
0.134896170063
0.437866006297
0.281830401543
0.30527187338
0.251221845943
0.354621012539
0.27146170202
0.240524374175
0.15860122482
0.244675563702
0.187111835059
0.300936374364
0.352147311702
0.428452035372
0.207204556821
0.556233810102
0.355553237422
0.226487079192
0.457777611352
0.243493571173
0.217375893038
0.466376622466
0.169480913768
0.54472491944
0.332448660749
0.223305446899
0.305425492734
0.133764241386
0.35319666696
-0.0787802240043
0.076488565933
0.398445737235
0.273478121747
0.423656305742
0.393843535534
0.459080372591
0.946227299867
0.490580129193
0.375535097321
0.24615524473
0.29918646876
0.419984193742
0.702566165943
0.357399194969
0.567283631193
0.763596068785
0.469761134281
0.24512715489
0.406372532095
0.132558215668
0.277256924958
0.547208984004
0.171376519802
0.518688345057
0.387974340972
0.381782542508
0.614269391252
0.691314052484
0.63135169275
0.261187282965
0.540536834485
0.581059035488
0.538096001321
0.156449637461
0.860734891415
0.413559005582
0.561135579288
0.413946855985
0.57017113562
0.114122708824
0.496623155467
0.400610923779
0.519764687231
0.403093130944
0.356691448412
0.524518188068
0.364376770662
0.652768015372
0.669086433967
0.566056784511
0.191355881162
0.322535722595
0.476062594634
0.633720907761
0.496926933329
0.588326138703
0.163368775337
0.523091567451
0.557438094718
0.397108255906
0.614468700035
0.478274321412
0.567483538293
0.279903061526
0.465490234164
0.291712216798
0.55304195396
0.544881231846
0.528579363652
0.615188337499
0.203269529101
0.817233888092
0.0992053397453
0.528323816394
0.439472292428
0.679724125445
0.524565586778
-0.120485859867
0.457281287817
0.536302544248
0.56099329807
0.280879695134
0.236948628796
0.569084532408
0.115424943665
0.542669013878
0.452216268001
0.490175656369
0.422678369265
0.408328234218
0.262820962383
0.585591007801
0.362261592336
0.555474081299
0.177751798927
0.365253382518
0.229490460969
0.571641856993
-0.0914204044628
0.192150162513
0.669720293464
0.443779395484
0.877257710133
0.557503186194
0.510339890356
0.29990624157
0.209036668459
0.271688803334
0.62028676625
0.527040358414
0.581976236693
0.480852697233
0.856136065328
0.486826704051
0.0609119684731
0.21428483334
0.0978186012467
0.295380552672
0.338500630739
0.662600347012
0.46912988128
0.451983780866
0.634966559192
0.348923559079
0.679093563454
0.386678978193
0.579781162082
0.605438553658
0.3131445752
0.568311660384
0.474809714366
0.302354989047
0.373837062944
0.312386260559
0.734886780293
0.647916383818
0.488002109382
0.629698895777
0.553286315347
0.427887745532
0.237763759244
0.606351539609
0.777948703369
0.490901592579
0.360007890283
0.657846476174
0.5111510612
0.293004107493
0.751973603254
0.485030764583
0.41846564562
0.0994513856667
0.391225085849
0.0679004300564
0.478216971662
0.328962406957
0.527119602599
0.274672879934
0.584419259805
0.442258759924
0.357431284833
0.117264798222
0.392170092872
0.316341954703
0.570849880041
0.549187424859
0.632907195691
0.465852650975
0.567769732276
0.11374762486
0.739493609746
0.344492063063
0.391631752315
0.384654327575
