0.307610066485
0.155762356927
0.19000994177
0.327385614047
0.184300049108
0.339602430703
0.416623083131
0.28640986912
0.185441157342
0.42208229219
0.374538768898
0.0
0.0
0.290698591893
0.376887584823
0.335718441548
0.164388896937
0.362539716084
0.317130518314
0.0
0.0
0.283832565894
0.383169364676
0.323558834823
0.149630246352
0.295987576594
0.356662321365
0.410168317649
0.295685038901
0.324525361585
0.330115714042
0.0
0.535815860178
0.334812473398
0.369623833002
0.189713953109
0.381034975524
0.19829416713
0.341841550043
0.0
0.295552841555
0.618940314
0.238782105553
0.235634792065
0.371701092592
0.243946465687
0.0
0.296578578655
0.591862262929
0.414284762334
0.593012405591
0.175891015736
0.274546134492
0.360706047663
0.394556231884
0.248863190825
0.374543222237
0.316888829383
0.299134660354
0.0
0.163263962096
0.258718176325
0.212981688603
0.0
0.218579706221
0.361924271954
0.249745535025
0.267289504625
0.301676207656
0.0
0.449104459989
0.339607844352
0.418126584632
0.394183917348
0.0
0.182450125995
0.159147155041
0.0
0.0
0.329065661706
0.379040655403
0.289534929699
0.196037051545
0.19217823622
0.478255863659
0.409335926746
0.409452344571
0.4139995192
0.199247312768
0.278641975697
0.411474728408
0.171631174668
0.301935542819
0.257029226385
0.439727795741
0.155695772613
0.307247211655
0.327081464373
0.338370174132
0.234642590141
0.421112914594
0.443662549962
0
0.400327196813
0.435049972355
0.347462223286
0.252048554623
0.270710961001
0.397892479419
0.0
0.389720029899
0.199631907819
0.0
0.187454362693
0.27340915314
0.225848946087
0.384776766808
0.329058146593
0.521148877927
0.192360329749
0.0
0.264853202431
0.315416005226
0.224222157025
0.4531771614
0.301930180705
0.368256539316
0.444468844512
0.315259234956
0.311742893484
0.38591981444
0.272298235842
0.330899870954
0.0
0.490970121361
0.398237262181
0.132258541225
0.332907598564
0.244166055793
0.468815021401
0.181139646756
0.195068974366
0.187943471719
0.295171697912
0.279426179743
0.492699733601
0.487161054653
0.400144659033
0.0
0.420175855817
0.423622235946
0.0
0.373012545557
0.292290144976
0.275901658419
0.315138822853
0.434831041698
0.576381562017
0.0
0.471833800663
0.388796381439
0.204797113619
0.487184686401
0.173466870723
0.0
0.255584439359
0.296832843144
0.296560106002
0.322947327549
0.27430565498
0.508770632201
0.315110834923
0.357979807943
0.185411074659
0.290166229852
0.480037601886
0.316446783348
0.40203386377
0.177584415606
0.419826079674
0.335526662263
0.263702437481
0.280308754957
0.425059276273
0.489598833907
0.285043909581
0.467604815966
0.45240662474
0.44564417718
0.457512912929
0.322858123459
0.266200836793
0.627117064514
0.0
0.272010652696
0.39975928652
0.345430505396
0.292909544918
0.576521868291
0.392405231765
0.341559118058
0.34728443771
0.288490040514
0.396640391654
0.286475922157
0.317026178919
0.34860704895
0.43827131632
0.485553325442
0.303007520223
0.427636073901
0.378647650331
0.307957301081
0.33132508067
0.342168204085
0.314709352318
0.358606523872
0.374647890976
0.521050491868
0.283193475228
0.378284929407
0.197933059932
0.859439571272
0.322698581549
0.0
0.394971101323
0.313461527354
0.196671761342
0.284085277292
0.0
0.304708724244
0.267206740522
0.306341207774
0.0
0.688994574822
0.338712497591
0.150196935344
0.42387659851
0.0
0.331148731717
0.517292184914
0.244201296947
0.60702303162
0.300800560602
0.268996900874
0.195268033839
0.253364310504
0.0
0.503306692236
0.250388550641
0.226418658885
0.0
0.408639482768
0.276118703947
0.378108468423
0.280271868918
0.319191793138
0.385915654757
0.220431574782
0.0
0.21587734152
0.302477718811
0.502358495805
0.289530290562
0.449056756754
0.378437411656
0.254394492477
0.271271753396
0.311602201333
0.236252359326
0.313442297808
0.210804945972
0.397566485155
0.386157044422
0.159566894939
0.39161971456
0.190282985761
0.310232159352
0.307698289687
0.0
0.197011170981
0.206875344548
0.26886843941
0.432984733432
0.301897741025
0.0
0.518511464493
0.0
0.314019467708
0.305896736626
0.259305401632
0.345277453439
0.0
0.207227297445
0.390924972304
0.35984649241
0.201435149724
0.390205919579
0.203997128657
0.420714561665
0.388589743363
0.366767288197
0.387700568915
0.292422157934
0.0
0.345253697894
0.298218944094
0.306967385932
0.362019331828
0.37951970704
0.0
0.621892638015
0.647521447511
0.357184014931
0.544820723094
0.255076769248
0.186157927609
0.0
0.24321950602
0.291278254212
0.320492825975
0.310334077591
0.401236235637
0.300250444377
0.368020427897
0.0
0.161419677193
0.251653930335
0.409199538798
0.502136141526
0.276640775158
0.167577061381
0.0
0.22652886096
0.0
0.156816069339
0.271135991025
0.345260337774
0.334230690919
0.447361991017
0.296282356604
0.389848009975
0.220223015728
0.234485483404
0.296172012658
0.0
0.283233355555
0.372424244595
0.0
0.289781190405
0.359212531432
0.330999065536
0.306753640637
0.387058435312
0.35028132747
0.245205822929
0.289502733106
0.264071962422
0.352387484543
0.0
0.209565458846
0.265125978496
0.278670684314
0.23568061601
0.266916044114
0.0
0.24460408578
0.258218702056
0.227918753695
0.316600692007
0.23170125721
0.334689906264
0.300688579388
0.312946822533
0.320817529382
0.373406202192
0.247408265664
0.0
0.335984228444
0.390785750066
0.34795235918
0.508511332433
0.225768809379
0.304243060089
0.238242728878
0.360201526779
0.394348511681
0.302209946472
0.305959335424
0.213801447453
0.414947738497
0.301131042964
0.362591896897
0.423095767119
0.24709165123
0.364946383033
0.352495190319
0.205645290145
0.202559809354
0.413628925734
0.357417159582
0.310151586698
0.362977924841
0.0
0.372238190381
0.381352659117
0.320853343606
0.161789164999
0.385144333486
0.347742943391
0.184961171826
0.405891329323
0.340958393359
0.399417768327
0.260394176691
0.29920144126
0.217990336005
0.342992463324
0.0
0.316662781145
0.26149149506
0.291024508081
0.0
0.326840455477
0.0
0.0
0.403228788412
0.0
0.361937878715
0.364930186664
0.314331005843
0.258159470754
0.187023568789
0.259787739994
0.49087317664
0.311770406033
0.242600934169
0.378049708788
0.259954866238
0.382564680818
0.0
0.287961994798
0.18753881086
0.377476785512
0.306308319935
0.259138233066
0.249748857075
0.357055823397
0.385316182325
0.414236119944
0.345438355733
0.303139750934
0.373240178822
0.396151614295
0.238304145531
0.410301211287
0.231402157351
0.0
0.302628521571
0.337857776532
0.262080963821
0.383182742656
0.236104653652
0.313503821929
0.289910933625
0.0
0.313925278496
0.328701154782
0.289822310847
0.290850745602
0.20166233013
0.251070790205
0.255262431924
0.234975847679
0.436352381606
0.0
0.531296536613
0.0
0.374356852268
0.0
0.324725550609
0.370716478359
0.31965963863
0.228854711857
0.0
0.28666577959
0.0
0.0
0.197817597604
0.0
0.405213364696
0.510463183353
0.365240101268
0.250028199656
0.0
0.0
0.0
0.260716333843
0.295332726653
0.252338348121
