0.0973245937351
0.775914218382
0.249865981479
0.636767474132
0.487656962134
0.282400261868
0.484662939425
0.273967135725
0.447944628762
0.361048168462
0.715103469073
0.53793206533
0.86888860701
0.271572382324
0.963055903148
0.256259362853
0.704853953483
0.309471782775
0.246478857761
0.253816660467
0.336315179618
0.309871684418
0.438739686599
0.184482238382
0.530828682615
0.200613052643
0.348607151297
0.17482603285
0.34809545667
0.474587131637
0.88681323185
0.68501528653
0.540803116447
0.246622300142
0.72701669516
0.6903343977
0.683552519816
0.653976802197
0.493996682219
0.236366209875
0.493208384095
0.479690475073
0.287043300416
0.494699665818
0.381230364338
0.25366146984
0.724618538169
0.678951151302
0.973494239642
0.559967231882
0.0861855728857
0.739973728689
0.810997394475
0.312019925943
0.524439122626
0.389333737697
0.381203771971
0.429880925067
0.253528951667
0.649245327481
0.308093443072
0.597536443198
0.527798184664
0.340860765609
0.446095530462
0.409718788455
0.497945198788
0.566443892599
0.875070218008
0.126889196182
0.0931060256278
0.557612255962
0.931060730876
0.346852821995
0.628674068325
0.335636800357
0.150864138109
0.523921943014
0.38890158726
0.226680884753
0.799769803331
0.233156062063
0.912302201647
0.690158964861
0.275589778616
0.391825298538
1.125
0.0523656876269
0.327055491491
0.813763639604
0.374147925942
0.268058535919
0.401736379411
1.1
0.343691043025
0.498686858882
0.368730501064
0.304234479636
0.673280642217
0.370751288169
0.0393039801925
0.68506661105
0.413769071237
0.338907891982
0.728527037689
0.298034087762
0.282939069208
0.839270512505
0.136478092597
0.699668605083
0.0575271632876
0.396988103971
0.436864164414
0.123643052484
0.228012238
0.950706548744
0.446790813195
0.177815238062
0.282319586611
0.0900484583906
0.640476927826
0.0358441590381
0.546667846697
0.491465801591
0.170262080966
0.0595499261105
0.682524856789
0.778758615978
0.0681810692654
0.524657667496
0.532232564644
0.448196662592
0.0910046725127
0.375006482132
0.718705636601
0.495920371863
0.829232392292
0.227357728057
0.734783985613
0.631471737391
0.897977537217
0.554103290082
0.445542156583
0.396400187702
0.720966331937
0.447754225967
0.76791671016
0.397375127578
0.0811995425333
0.270677088535
0.732418531516
0.531992204396
0.147868288684
0.0612353324185
0.335878263835
0.536263593224
0.261570885297
0.0408789498661
0.511157388829
0.325704688942
0.0785454204486
0.161599068038
0.365876169997
0.409025062475
0.0839953334814
0.24856102528
0.224839983906
0.807981601813
0.693375017137
0.644160906291
0.41228017321
0.338334982887
0.58081056416
0.233818745796
0.0963800459459
1.01028321494
0.693678100749
0.238976792254
0.228654125579
0.133094553367
0.279453493784
0.47100652055
0.308303180263
0.176249081987
0.647589935251
0.298107037945
0.3761287238
0.849254353409
0.228989101546
0.456309609851
0.916795982411
0.864760951736
0.514601441728
0.149606931092
0.37876803909
0.633741050784
0.174162541089
0.250990717256
0.300965693084
0.779178533592
0.38575041312
0.332096791805
0.175900862193
0.29239035883
0.23000453662
0.194131150291
0.676071741048
0.11491473722
0.287378298627
0.38114275954
0.3874719046
0.160915007401
0.251193872599
0.374427465821
0.12628384345
0.192729353272
1.08907309562
0.554122699976
0.261959308192
0.288580997936
0.965073785009
0.36731659317
0.407064468565
0.49825472905
0.145861445957
1.11111111111
0.219479845241
0.401259726395
0.895890016083
0.462569519416
1.1
0.832381559974
0.7987067828
0.271715337457
0.152214778441
0.52599332669
1.08333333333
0.248580690294
0.187829718793
0.274209543286
0.559273090241
0.532986209602
0.235364757641
0.339662314276
0.198411733333
0.721590676427
0.738212475243
0.283988237406
1.09136460072
0.228613999117
0.0689337584216
0.303750491064
0.21496806802
0.373681659637
0.329144866286
0.737034837901
0.0497563144224
0.367313779726
0.218980604915
0.269465620664
0.540683164901
0.40612774122
0.690027750118
0.345836437569
0.311708615864
0.273893410452
0.263503743375
0.370774041126
0.245577166313
0.27981073617
0.274025952691
0.472701019695
0.579048496352
0.489047549775
0.363499713737
0.610373774866
0.175512744187
0.526605001255
0.916476878541
0.266783965409
0.38985438158
0.0662230543265
0.365064231274
0.215760170715
0.574383709906
0.165851783849
0.0387263929182
0.209483246057
0.540068425308
0.214169365047
0.133585517706
0.38827800674
0.515326858675
0.388928435736
0.401951436222
0.49615659921
0.327073204328
0.354451262679
0.555097946612
0.559815095256
0.376243441035
0.588931135699
0.656731156831
0.347989210902
0.195034150937
0.671334234069
0.635345064152
0.430754434738
0.535677326551
0.26139924228
0.887137748575
0.236905748763
0.322857916482
0.195756653687
0.322311923415
0.150573834114
0.339811932632
0.148536599928
0.695345254488
0.44010286826
0.448359036379
0.348544158032
0.32769017112
0.590509724238
0.302263470692
0.203457379393
0.222819554374
0.362121292711
0.189975822989
0.883083318349
0.197670311787
0.460127935463
0.164334195933
0.42211148877
0.251104695982
0.173883539819
0.215775716652
0.397956203561
0.373884062843
0.510064402219
0.268672016606
0.946333097551
0.164220588957
0.239345941582
0.107181742326
0.128703165518
0.525405006214
0.320346887983
0.247928067717
0.49650059377
0.176725022238
0.456513853248
0.136901419029
0.683631412544
0.322478425381
0.156760815616
0.729431975156
0.025729921755
0.105865532841
0.134019775586
0.0663735469253
0.0917280329979
0.0969369777118
0.223541812826
0.171470381816
0.201447296063
0.167114002054
0.0588980784682
0.0516145916958
0.0356586785604
0.132775306992
0.174471998982
0.161393723178
0.0248904939124
0.0299541418163
0.023399315467
0.0836392599061
0.028562725947
0.085989954864
0.240031454198
0.0698188668977
0.260010477207
0.268487958115
0.179432349802
0.309381931995
0.139064917828
0.091847045579
0.180056724555
0.0720918016171
0.0878532402556
0.0644314434929
0.309068701832
0.0359218708165
0.0938690282429
0.0697753500417
0.142799633542
0.158551433403
0.193874360476
0.112443822691
0.26193700111
0.0193363782816
0.0535871645196
0.636414696234
0.290231768573
0.298144532943
0.14015006044
0.30729783965
0.64033051071
0.733402687285
0.114470133201
0.293446808106
0.782634247084
0.223024759719
0.400263008677
0.249287179189
0.943741355963
0.611136195345
0.208418964927
0.441997773873
0.179597158726
0.842066563938
0.20131235373
0.14286361141
0.130109721721
0.161505422779
0.523299490254
0.80923052824
0.35425745897
0.702601368151
0.561545365476
0.392549621278
0.906737848782
0.240010413731
0.247748522328
0.334339358156
0.725287230521
0.252910445439
0.645016819419
0.312072036171
0.0832443105871
0.238935510004
0.339594039807
0.492241851512
0.332367161483
0.175329422779
0.771088292387
0.598469223893
0.732038724911
0.594957089512
0.236249130232
0.289467209551
0.403076034703
0.723221806041
0.351462487876
0.12561061079
0.0660466971946
0.580986023387
0.348480645007
0.313849167859
0.285199448476
0.612678422158
0.888855792841
0.17118368736
0.493130785602
0.137404566925
0.345186927182
0.234502341213
0.64297736639
0.122362374821
0.351572563731
0.534978538689
0.383547124662
0.147822899288
0.711720177349
0.518275952962
0.293479776222
0.192657349375
0.261919784032
0.214498422486
0.256294238216
0.347028799212
0.0693067241354
0.230219565747
0.200444873445
0.431521276624
0.700997121739
0.510789435546
0.917236950654
0.762098756635
0.0510958626977
0.659737210474
0.178338149259
0.185695237733
0.287502957607
0.551582398453
0.228408936291
0.111015357206
0.372735471734
0.746269557448
0.896612504231
