0.420625238424
0.312947742855
0.267832182737
0.460078209297
0.33045862159
0.436450188003
0.432475186278
0.343919614819
0.437926278704
0.478948901103
0.570351688333
0
0
0.344797584675
0.38599349358
0.371491349897
0.22830004847
0.548777369254
0.457787088638
0
0
0.494884961977
1.00000006351
0.381405833381
0.259892502963
0.400499178294
0.489540339377
1.00000002279
0.670231292393
0.360124841287
0.436169478038
0
0.560930314943
0.363729585324
0.371843042315
0.309871533697
0.426081069217
0.302627799821
0.351056941332
0
0.520444444586
0.43578115388
0.350031245796
0.355408835961
0.26637936558
0.261814414208
0
0.366579518143
0.66316377063
0.536584770337
0.840798215013
0.311527074
0.305242429637
0.392203687598
0.43457404498
0.495812043889
0.48106376235
0.203692886937
0.592993743518
0
0.33263529679
0.43546045179
0.200201311519
0
0.4975450352
0.299603770481
0.282533655075
0.43785164366
0.530836807653
0
0.484974372476
0.325148189932
0.457009294456
0.573010101195
0
0.347101470265
0.300100168168
0
0
0.386846726771
0.439699847472
0.42681843432
0.322870651192
0.641295155493
0.509297753271
0.444197371971
0.553254952651
0.504855876537
0.343053186363
0.378886184271
0.555468008552
0.295704298583
0.416656265011
0.265767809868
0.923898336188
0.230519440516
0.346847301055
0.373974698665
0.32629574784
0.429974352674
0.398014128779
0.487724405634
0
0.469576159076
0.295117759831
0.49923767653
0.341077136187
0.378307583734
0.432888226343
0
0.530543273832
0.336347429869
0
0.14453837442
0.489060592912
0.331715849932
0.369481718081
0.332155497697
0.839193208203
0.399658136755
0
0.483209831425
0.354868729537
0.376603589988
0.594949734679
0.452207024411
0.338963928636
0.489603146623
0.322316826815
0.465385522211
0.4713663308
0.407933927056
0.624324768524
0
0.568865670946
0.467442665333
0.252404697124
0.400441288316
0.27087783929
0.395482977318
0.279269554788
0.295695290335
0.264656090015
0.417956177355
0.455058971714
0.654225013887
0.463866231753
0.508998863614
0
0.556740727307
0.631039095649
0
0.502468988698
0.421340773112
0.370241254328
0.306876572223
0.479843454855
0.630579917449
0
0.498719758398
0.491447438727
0.361656619095
0.526845531449
0.151694998962
0
0.327353868037
0.444707313145
0.327447387234
0.367397926278
0.550737125648
0.490875029026
0.547148544242
0.35478224966
0.243752389122
0.385827643613
0.517965826581
0.404785282991
0.532663573651
0.281026232896
0.455982155049
0.409665728326
0.604595230644
0.508402459922
0.327091381103
0.607097834702
0.457109575037
0.526970230181
0.592431280303
0.789647356307
0.408605547705
0.48930750334
0.386990237625
0.68230877103
0
0.500778568535
0.393397605203
0.313553666877
0.34428718415
0.546889616709
0.456503117889
0.368555508168
0.459541358425
0.333724026112
0.569481051731
0.347358004144
0.562129983219
0.465660496276
0.494450514533
0.507140832767
0.424387421194
0.476605775148
0.648608527186
0.311297813275
0.422468423354
0.438717978675
0.328715169603
0.464358856862
0.483740510959
0.707491760735
0.35533259282
0.471309902743
0.316608967465
0.838629355034
0.703668772174
0
1.00000001362
0.464880195161
0.403231086707
0.529555058202
0
0.334730228021
0.386785968697
0.378358981171
0
0.771413328039
0.415664266502
0.278318260738
0.431568691032
0
0.306609147985
0.973950894759
0.360196455919
0.880022279251
0.50827637654
0.375336491806
1.00000003925
0.636010417264
0
0.602345698818
1.00000009777
0.372312920117
0
0.285693810226
0.422546048772
0.441586069176
0.368511084121
1.00000005005
0.512412919976
0.407768882746
0
0.375090211933
0.352523374081
0.884770621397
0.70045292847
0.423117107838
0.428186949769
0.379031913851
0.450229564966
0.999999930681
0.696928309869
0.412054279551
0.273927967118
0.486933849961
0.986015422267
0.277231018882
0.987921462562
1.00000002086
0.353891389515
0.33439797169
0
0.444309547545
0.314972432449
0.335424565253
0.494033120507
1.00000005143
0
0.999999996044
0
0.321026888346
0.999999978665
0.410849589222
0.456946872281
0
0.487625234796
0.381149890186
0.399825437194
0.381016076183
0.517437494224
0.431352564609
0.506194740074
0.410013099137
0.487842785234
0.489884472591
0.580509764133
0
0.392100051192
0.376406381835
0.390029859274
0.484330909298
0.522704423168
0
0.888405698174
0.799651962287
0.445565615863
0.980297674876
0.386549172782
1.00000002268
0
0.509193656267
0.782412008306
0.466045698718
0.469700358684
0.481946649813
0.412410696026
1.00000003476
0
0.271298818088
1.00000003915
0.39078585799
0.818028887891
1.00000003294
0.215240895755
0
0.276999334479
0
0.338152453964
0.438744855111
0.396411242208
0.591635711221
0.600852544742
0.500966395356
0.71791365618
0.521455955339
0.344121141307
0.397973413403
0
0.363414655523
1.00000004747
0
0.498419199966
0.519299650312
0.375817607123
0.574795415344
0.568506301073
0.639990509717
0.439625494345
0.474856915854
0.532061759321
0.552981438134
0
0.505417810337
0.545410171733
0.650575937392
0.368255798837
0.389294372052
0
0.449275352549
0.796409558557
0.309173139133
0.421208606038
0.391940636391
0.625070206679
0.46599197478
0.807307851558
0.523912360455
0.69353479387
0.674014705525
0
0.436856945406
0.768015738587
0.388992369641
0.854601246873
0.27340897396
0.428328559232
0.557803147001
0.436202874275
0.493630821558
0.373595006308
0.59600698751
0.466234665642
0.52430628084
0.441179222975
0.535832357757
0.653292439884
0.284450978874
0.460529048675
0.314235824473
0.640565616982
0.519176536193
0.571962354787
0.485843519061
0.458080831821
0.561354852635
0
0.609414159848
0.437512126414
0.493123928999
0.330568605307
0.472647304354
0.739425951847
0.488540963248
0.607922018874
0.682907530963
0.627620341536
0.553057049364
0.448209468403
0.34939934481
0.616227827562
0
0.798597430186
0.302629885972
0.474897400514
0
0.535027790424
0
0
0.871053702988
0
0.852839695423
0.454017379937
0.525717950535
0.387819128172
0.307974019039
0.407311090146
0.672289466921
0.771084847361
1.00000003289
0.807657784723
0.74757221992
0.518672048255
0
0.317157656286
0.234549147371
0.563018097741
0.574132904912
0.540907676364
0.35768822211
0.469829590691
0.567985285655
0.496265975826
0.603178438378
0.394156623026
0.51148394433
0.578578660714
0.389934495581
0.508427144359
0.436143274295
0
0.436030348742
0.506268361488
0.871440799076
0.752128525088
0.453283428821
0.518659137525
0.50426510887
0
0.415743573817
0.65525305547
0.845729264545
0.366740573537
0.319346881209
0.414753908382
0.781397896439
0.409482856965
0.653571573745
0
0.986801804886
0
0.447369505745
0
0.420450396108
0.346258338731
0.405216251541
0.338963007422
0
1.00000002695
0
0
0.516555911275
0
0.596935539753
0.863768708972
0.42321911947
0.230276665832
0
0
0
0.208073766487
0.491882071269
1.00000003343
