1.5
0.479180036225
1.5
1.5
1.5
1.33333333333
0.87202482971
1.5
1.5
1.5
1.5
1.5
1.5
0.814831790189
1.5
1.5
1.5
1.5
1.20930589217
0.598461689764
1.38958882128
0.834010776627
1.5
1.5
1.16153578048
1.5
0.978870052399
1.5
0.629819812654
1.5
1.06847308667
1.14453115952
1.06636100651
1.5
1.19831310635
0.997075412592
1.5
1.5
0.998705994315
1.5
1.36707175436
0.391594113128
1.5
1.5
0.931791825376
1.33333333333
1.5
1.5
1.33333333333
1.5
1.5
1.5
1.33333333333
1.5
1.08310736719
1.33333333333
0.712166467302
0.673059529585
1.5
0.751231637517
1.5
1.5
0.430949138928
1.5
1.5
1.5
1.5
1.08876129056
0.672528993592
1.08989490732
1.5
1.5
1.5
1.5
1.5
1.43581832546
1.5
1.5
1.5
0.71855755065
1.38435156576
1.5
0.881821257287
0.93067687684
0.5887844114
1.15932885939
0.59018958507
1.5
1.5
0.703676205011
1.5
1.14236055521
0.574211734714
1.5
1.5
1.31498883037
1.13455430735
1.5
0.735314748628
1.5
0.881947022733
1.30523272942
0.472303570979
1.0577003018
0.812620008512
1.5
1.14752294899
1.5
0.455960881646
1.5
1.5
1.5
1.5
0.885962543752
1.13295501528
1.13076665195
1.07994833576
0.962045193854
1.24920428822
1.25
0.688699764894
0.484463357164
1.16942893469
0.85875854892
1.5
1.2355583782
1.33333333333
1.5
1.14530219971
1.5
1.33053516583
0.705235192791
1.34132869684
1.33333333333
0.697388657794
1.5
1.5
1.5
0.908194997779
1.33033792304
0.358113050058
1.30923695526
1.14625950628
1.06856450501
1.5
1.5
1.07992123811
0.724358746627
0.93440575367
1.18428311106
1.5
0.759645141801
1.5
0.485292188463
1.5
0.923569342173
1.5
0.867353688855
1.35239048294
1.5
1.5
1.20575457345
1.5
0.776308630885
1.23318308063
0.630621704959
0.754674546515
0.966929120696
1.33333333333
1.5
1.5
1.5
0.313073058416
0.373981197703
1.5
1.2011310277
0.301864194942
0.596489188344
1.5
1.5
1.5
0.690883309421
1.41211800748
0.576376870385
0.61107586686
1.33333333333
1.33333333333
1.2421177681
1.5
1.5
1.5
1.5
1.35460255253
1.5
1.5
0.670661382754
0.393805075731
1.46759358434
1.5
1.5
0.883494818683
1.00466914181
1.5
1.09989605736
1.5
1.5
1.15727363355
0.979711756472
1.11120421364
1.36139298861
1.5
1.38114493013
1.29874707611
1.33333333333
0.732939205835
0.891820806483
0.409090886301
1.5
1.40251644767
1.5
1.12845013395
0.854941849875
0.980610230986
0.281782097146
0.808713070877
1.5
1.5
1.1514950716
1.5
0.42134750045
1.5
0.970801729486
1.5
0.513652202637
1.5
1.5
0.222648370297
1.5
1.08004825045
1.5
1.12747954743
1.19103623641
1.20704093322
1.5
1.0521987738
1.5
1.14771216202
1.09531142674
1.47716202339
0.314513922839
1.5
0.18733745085
1.5
1.5
1.5
1.30990068723
1.16447892746
1.5
1.38085420711
1.12302931747
0.922873032571
0.728742116231
1.5
1.21138344007
1.20380112686
1.5
1.18232676455
0.45160954854
1.5
1.5
1.38174190499
0.644287144023
0.408479695181
1.5
1.5
1.5
1.5
1.5
0.523395791927
1.5
0.785323353536
1.33333333333
1.38495197671
1.34132869684
1.33333333333
0.69558633035
0.836369010131
1.37324812747
0.685091977439
0.780039326828
1.33333333333
1.19006110353
1.5
1.5
1.47646929976
0.174486181375
0.999055491707
1.10758582626
0.924095783228
1.24231498743
1.5
1.31259245112
0.523403503542
1.39580163058
1.5
1.33333333333
1.23759762379
1.5
0.186760241645
1.5
1.37883534462
1.5
1.34316204818
1.5
1.15771240631
1.5
1.5
0.28574996452
0.951852016928
1.5
1.33333333333
1.34435047202
1.03201380567
1.14932959954
1.5
1.5
1.5
1.5
1.5
0.724068616292
0.77701647046
0.55191932235
1.35529327435
1.5
1.5
1.5
1.33716762792
0.34322734671
1.38123263453
1.31169232428
0.66898346551
1.5
1.5
1.27862339364
1.5
1.28720030078
1.5
1.33493461083
0.361381615943
1.19647919059
1.5
1.5
1.40136050302
1.33333333333
1.26313964888
0.431432420107
1.5
0.803147498474
1.5
1.25431752637
1.12852943803
1.5
1.5
1.16455552358
0.520288033101
1.33333333333
1.32074849886
1.5
1.13626522158
0.460832300203
0.556415785085
1.5
1.5
0.776717830484
1.5
1.38174190499
0.894664561339
1.08906295319
1.5
0.900471491537
1.08691136405
1.5
0.904532636633
0.935642491535
1.5
0.977999895835
1.5
0.329562858004
1.07988587018
1.5
1.08841689357
1.5
1.07430379365
1.15892209363
1.46719975041
1.5
1.00096228086
1.33333333333
1.06903237783
0.881234589696
1.26842309679
1.38495197671
0.889889682624
1.5
1.5
1.08809269331
1.5
1.5
1.5
1.5
0.684032374908
1.5
1.5
1.5
0.42574684991
0.77255904368
1.12277472722
0.983680038063
1.16871877408
0.972194501338
0.423596924694
1.5
1.5
1.5
1.5
1.16260103516
1.5
1.33333333333
1.13764353044
1.27954434195
1.5
1.5
0.372114504269
0.684027010224
1.5
1.22422212297
1.09149416689
1.5
0.70824117861
1.5
0.221285047592
1.5
1.5
1.5
1.5
1.5
1.5
1.5
0.644032348528
1.39349253954
0.94675509743
1.13526437599
0.649690955101
0.527514792865
1.5
1.11574472263
0.860398787219
1.11957234632
1.1547593023
1.33685919615
1.5
1.07539485959
1.5
0.750704783467
1.5
1.5
1.0789471647
0.887773887502
1.5
1.5
0.744174283482
1.5
0.967781129559
1.5
0.771683532403
1.5
1.42211876192
1.23265578334
0.662991159175
1.5
1.42620095898
0.540711569274
0.802509432315
1.5
1.5
1.22422212297
0.906804433708
0.20501759232
1.5
1.5
1.10963480774
1.5
1.5
1.5
0.450152313389
1.5
1.33333333333
0.865658836892
1.30540151626
1.38380702993
1.34294814608
0.625946453042
1.5
1.5
1.5
1.18242543544
1.5
0.657933302882
1.5
1.25
1.5
1.5
0.951107467818
1.5
0.784489189696
1.5
1.5
1.5
0.845631381021
1.5
1.07534243736
1.29306943855
1.30788162748
0.545416562624
0.562622255279
1.5
0.454292873361
1.5
1.36224894767
1.5
1.5
1.5
1.17713951973
1.40424384621
1.5
1.18801554084
1.5
1.5
1.5
1.33637167725
1.33333333333
1.5
1.36511729265
0.184888404687
1.37497976473
0.841883520795
1.5
1.5
1.35893747109
0.401909167064
1.33508976232
0.300136214387
1.23139918724
1.5
0.84304830223
1.08449143027
1.5
0.715178565511
1.5
1.17184667193
0.862995021394
1.5
1.5
0.370781277874
0.747631980162
1.5
0.492617120911
1.23460723441
1.5
0.979405971915
1.5
1.5
1.14353937563
1.5
1.5
1.42583937898
0.712209778852
1.5
1.31307483786
1.5
0.703317630316
1.05342162028
1.5
1.5
1.5
1.5
1.5
1.19394394759
1.1495623261
1.40044661919
1.5
1.5
1.5
1.01042204191
1.5
0.306367509349
1.5
0.503877388474
1.17139889438
1.5
1.5
1.3559173438
1.25869960082
1.06643553157
1.5
1.5
1.1778036536
1.5
1.5
0.759571242674
0.848084053737
1.33333333333
0.491847266336
0.786698168342
0.425201118345
1.35369997918
1.34251060656
1.5
0.606469044616
1.32320873843
1.5
1.1658660179
1.16899827581
1.5
1.5
1.5
1.5
1.5
1.5
1.5
1.41899297693
1.3158418828
1.5
1.3144470113
0.967744714546
1.33333333333
1.5
1.5
1.14927650666
1.22974035285
1.16117007899
0.845593779323
1.5
1.5
1.5
1.5
1.5
1.22875764526
1.34231108783
1.5
0.787829321989
0.938956774951
0.82443493717
1.5
1.14933376189
1.5
1.5
1.33566055395
1.5
1.07045071986
1.5
1.5
1.5
0.263404887788
1.5
0.717429898662
0.77474882306
1.5
1.38802211278
1.5
1.5
0.79277026732
0.658256691077
1.5
1.5
0.381239487412
1.5
1.32415373805
1.5
1.5
1.5
1.5
1.5
0.730699555869
0.273183843183
0.775238787776
1.3587932127
1.07146730768
0.716905922392
1.5
1.2421177681
0.762322334099
1.5
1.5
1.01099188917
1.33566055395
0.782363291203
0.934574747281
1.5
1.5
0.988981570947
1.5
1.03746673399
1.5
1.10009568493
0.664178894937
1.33333333333
1.5
1.5
1.2791300664
1.28050772133
0.729924887176
1.37352828644
0.731199664624
1.10206138577
1.32403563993
1.06565610558
1.21855845189
1.5
1.5
1.5
1.5
0.301945243527
1.5
0.704497001291
1.5
1.26765517841
0.214174228441
1.33333333333
1.11869275331
1.5
1.5
1.33065710419
1.5
1.5
1.03243390166
1.5
1.07692501153
1.5
0.952678897151
1.5
1.5
1.10958641767
0.734992211406
1.5
1.11212006686
1.39063379917
1.10568793207
1.5
1.26237425015
