0.406086778481
0.743142192148
0.828212789016
0.784065278087
0.942767100216
0.848492451849
0.371012404588
0.744670446526
0.784196685451
0.89821565779
0.414754413485
0.542091729369
0.770796541097
0.870884508331
0.850733602526
0.453635420907
0.661225884977
0.621738943077
0.612363667622
1.0
0.484033249896
0.816813292999
0.842891014732
0.876276170439
0.90622546515
0.554685850475
0.574130661978
0.628710490919
0.64013815892
0.909139409433
0.546694493222
0.737521085931
0.692682921615
0.88705589398
0.873706397692
0.431599910884
0.440899771255
0.941795413907
0.779110541928
0.920244358764
0.75149403728
0.559806627375
0.756614047031
0.791834677245
0.820507940677
0.84677477978
0.790302664743
0.921461933571
0.876547429089
0.914016080873
0.453398561922
0.76904120371
0.919191193091
0.716519618988
0.775854764831
0.4070313429
0.531342179701
0.619282368339
0.782417116923
0.910889123783
0.626322443147
0.485379280862
0.765627668458
0.852684420513
0.730293994744
0.0766298969689
0.8196530247
0.9348105959
0.694190552099
0.908598813501
0.778710200873
0.875985420831
0.827638370718
0.837657271252
1.0
0.531821925673
0.759091381847
0.602774610055
0.800636197421
0.628270907215
0.263262670464
0.636074705724
0.800163265067
0.852590570657
0.824163189814
0.299647514102
0.448707996888
0.694857818243
0.869957362427
0.522241514433
0.461541806305
0.66559374962
0.512561124187
0.642343161124
0.855043750278
0.705211989981
0.450850242437
0.874895617783
0.793411033733
0.908055072391
0.359746807982
0.637249433405
0.805547438894
0.789020288214
0.874585659313
0.228849038226
0.698440565956
0.796219546161
0.633758745539
0.95547698577
0.475772244572
0.901522901168
0.777437878437
0.818644535428
0.850565962346
0.596586769749
0.843876020119
0.567966010833
0.92691393621
0.912129778028
0.711798843381
0.639381487368
0.774230399373
0.948805809618
0.91413152564
0.682325222493
0.538367946203
0.733214779749
0.866333475154
0.715441657842
0.590941577696
0.429245518077
0.88085679671
0.814843606998
0.858576347284
0.629262486777
0.498348817768
0.655909380479
0.819931421139
0.952763764192
0.238816168803
0.635879249815
0.948671280492
0.731363009792
0.836469101338
0.571790353352
0.569101875914
0.357992629358
0.693539213771
0.911422409199
0.685374045612
0.588177298334
0.86106461724
0.873598168965
0.852787126468
0.484214767188
0.694569244736
0.707030800831
0.889510375855
0.914082409821
0.579183310818
0.862630290212
0.675783980385
0.971744799786
0.910909950776
0.305170307851
0.236729688399
0.825355197345
0.922829265076
0.849741940897
0.507719012416
0.837781702723
0.814498630129
0.870864442497
0.826074625217
0.255649546687
0.722926702349
0.666379548643
0.884257128171
0.863037260294
0.233874463126
0.511841621722
0.698925670183
0.904065194796
0.897859316638
0.247237445198
0.484554233169
0.815166756345
0.790629522979
0.905368751467
0.136294760404
0.752020465982
0.67299081914
0.89076908606
0.933634108808
0.607525363994
0.768456329849
0.500862009395
0.777964109192
0.604879110612
0.781589936763
0.695214715797
0.597301161848
0.933744574795
0.927399999343
0.322795823345
0.676671949087
0.396835752243
0.954697744312
0.913249646641
0.266441949891
0.776112735671
0.72302443079
0.616019909691
0.966276854628
0.336541720573
0.711646346655
0.719746869116
0.899031496817
0.943298832573
0.854924763451
0.629541480094
0.829497927464
0.892777114276
0.90309763472
0.451100194654
0.720208903026
0.773530421591
0.855469731469
0.776601790121
0.665353972623
0.602196326809
0.729953996482
0.796952671004
0.94466063301
0.47517735687
0.647246422005
0.901676907977
0.844257819057
0.799491945796
0.533300373131
0.672539111162
0.83474104949
0.842978297959
0.627127585142
0.358425626728
0.395859387912
0.829364606047
0.853848832403
0.780397324792
0.632567677174
0.348607321639
0.857121225963
0.892873080137
0.924491887611
0.647784321745
0.575893778158
0.795705479669
0.939952369524
0.778891623475
0.464236996146
0.634661621981
0.770605113159
0.787221692198
0.830099412748
0.187888114031
0.678555600684
0.746729754315
0.871631200444
0.910948804302
0.203520142426
0.813520603966
0.745554101987
0.812036070225
0.813866357314
0.247003696047
0.619600339521
0.580097443802
0.503381668433
1.0
0.276379742507
0.773692940683
0.724280431182
0.916910452022
0.6891546436
0.701082337402
0.579467053725
0.614394707876
0.85919019312
0.977775841873
0.841279711356
0.750418417237
0.888513645069
0.761295875778
0.935252637849
0.494916363279
0.591266187268
0.914139432485
0.754274900385
0.765620373119
0.468559525781
0.680237757013
0.562139243662
0.923443809479
0.89429495872
0.552484659564
0.849111553978
0.840649468938
0.882126486781
0.953647141128
0.504737114749
0.671690585712
0.828136435838
0.955025303238
0.942672759301
0.356053081697
0.583700321648
0.638539626844
0.912283124314
0.948447474665
0.506901836558
0.698395946548
0.755998996379
0.889406806051
0.889654585223
0.60141998582
0.849984707674
0.828034902121
0.837865480949
0.704578416416
0.664663314489
0.771951435363
0.894154637182
0.765476758569
0.928991785954
0.764236996789
0.702740424549
0.661369893719
0.859968093258
0.8033164743
0.742199053257
0.766920088469
0.623639962616
0.860077099136
0.759913515148
0.564949810853
0.819533719332
0.760429731005
0.694290318988
0.916558789517
0.235916876048
0.655588923697
0.0800288300246
0.765132953625
0.119628403258
0.555816176142
0.599438572077
0.613799003935
0.163530200527
0.161798154047
0.836104564358
0.826458003627
0.473529577642
0.55211481073
0.583570033111
0.497590270228
0.348072558772
0.157335929637
0.217895219814
0.930454315133
0.433031220393
0.103452161224
0.251394405209
0.369002768822
0.122464772577
0.520557746144
0.12450496437
0.852718814568
0.0984265850759
0.0903977348378
0.234523538554
0.915000508783
0.15267188468
0.468801856664
0.635603436697
1.0
0.174486114124
0.208103282399
0.486567563807
0.85384365632
0.0858648121105
0.460731987909
0.594822629777
0.935996782778
0.527870108036
0.184206842453
0.684497025117
0.653597555582
0.518302452189
0.1959469765
0.703984954014
0.89245839859
0.290965989342
0.175235310529
0.546135145696
0.910040872729
0.259800261065
0.499365678096
0.434309180523
0.724153474304
0.116692571792
0.205843807076
0.520597607488
0.943298832573
0.662704144698
0.478707511067
0.533965218373
0.892302198683
0.305011365015
0.275723692579
0.571577056528
0.935996782778
0.228952916855
0.387038433393
0.792565262437
0.813866357314
0.36468710242
0.315775159052
0.441008540776
0.668692586539
0.0938083523741
0.0695107602408
0.571417304784
0.858576347284
0.477610673772
0.640643596692
0.439502235418
1.0
0.467784465265
0.044403173819
0.637658016993
0.572831319022
0.293046053842
0.419343408475
0.29137430895
0.93991127186
0.133639270133
0.495401962425
0.569832633682
0.776335077853
0.418745760495
0.554270345524
0.43210084026
0.920535568568
0.140566025349
0.430954569866
0.506305226242
0.600611929111
0.273542492323
0.0757670778197
0.458979479632
0.938935158386
0.24528192233
0.261593896409
0.762645079638
0.74576998028
0.123271190051
0.387184578432
0.165733702848
0.916558789517
0.14020909315
0.747886345165
0.599051168894
0.581512191796
0.133192236669
0.47730623342
0.497268159097
0.858576347284
0.123026227101
0.380436543366
0.84328196605
0.924297320876
0.159425305613
0.271511897641
0.272194425472
0.862154777977
0.180919016959
0.186230364246
0.475231486936
0.795448438956
0.47520729926
0.222746647483
0.635603436697
0.62703164074
0.158150267995
0.718726006117
0.754396171974
0.920535568568
0.147499607663
0.113674412724
0.884257128171
0.772946588308
0.144225925374
0.530614621678
0.453214916046
0.903993728924
0.260731628388
0.359614431381
0.526577139765
0.722201273414
0.178823742331
0.403933274614
0.570241635534
0.562015408603
0.152828186287
0.422921128089
0.439026594964
0.9525364258
0.0907511658538
0.287267612059
0.103171582867
0.930454315133
0.287190363872
0.390737628969
0.739231604858
0.947161353371
0.124201912377
0.204074943955
0.493378445566
0.564166135971
0.551878167539
0.426450641228
0.40296595014
0.917748265066
0.384982969383
0.26181607081
0.775578310781
0.77620573738
0.151316399246
0.228402865528
0.746524016403
0.529066054529
0.0503046514099
0.178905690174
0.471702399064
0.864956065853
0.124126915573
0.379407975016
0.499413099797
1.0
0.223439090554
-0.0429963023439
0.289587471009
0.875812446511
0.124806001214
0.258157955023
0.484478516935
0.892302198683
0.212008540908
0.478685618461
0.620585019097
0.517144056532
0.319752123251
0.525786915184
0.366457470173
0.600611929111
0.172208710288
0.640641942385
0.40996315389
0.921079391502
0.0851862824316
0.21080204851
0.456508176528
0.934161075887
0.32884696848
0.500604565525
0.55550669319
0.715441657842
0.466189219952
0.361389567966
0.710813047721
0.0267790308847
0.151588885144
0.518599187638
0.578675786358
1.0
0.251795027743
0.251356176751
1.0
1.0
0.318907653073
0.267958607409
0.75115514937
0.938935158386
0.317039585052
0.370838439912
0.481827902918
1.0
0.17947983187
0.417605528516
0.0827137761967
0.910909950776
0.480649241222
0.431764587647
0.53169260466
1.0
0.252527591584
0.122011023838
0.619837073191
0.893442419771
0.254264793573
0.112690086913
0.488011895098
0.616653424743
0.141449225522
0.0605673446914
0.484478516935
0.920535568568
0.493128571726
0.492802190711
0.433972396349
0.633958895538
0.582697529072
0.723604745264
0.405633771479
0.924297320876
0.759833294085
0.0994774923701
0.199550223778
0.918256442294
0.0847672279023
0.456927040408
0.124917454358
0.858014802565
0.40398522721
0.0101192671225
0.809701423434
0.581057525025
0.26527479427
0.387006829472
0.425452799068
0.715441657842
0.309642878691
0.170982044574
0.625952256907
0.903993728924
0.275806717648
0.239219626382
0.498117234862
0.905008586922
0.294964062552
0.231670064987
0.465291633857
0.562015408603
0.218595132884
0.283550240521
0.38110814419
0.604755908234
0.170050230178
0.383222800807
0.807213272721
0.910909950776
0.28721283612
0.47952517013
0.620378649298
0.858576347284
0.062513169997
0.153676296752
0.430314920855
0.882092908549
0.0666641327022
0.745924941845
0.350488293546
0.801185338754
0.293832363716
0.223587639022
0.428887081925
0.652479091082
0.153029354457
0.212921302437
0.550618121329
0.55086331757
0.223362960684
0.0878024627135
0.476248891248
0.928256523706
0.260734813543
0.376512709211
0.511763127979
0.696616454788
0.124126478093
0.210109666513
0.565215726755
0.858576347284
0.305580684811
0.165022645529
0.781554013062
0.564166135971
0.154506750034
0.419299983777
0.734869558354
0.813866357314
0.345493415156
0.314799793703
0.0442569482069
0.910909950776
0.232139783968
0.498182001862
0.704944125499
0.84397160145
0.184606693922
0.209478901501
0.4082136197
0.929202075061
0.331500034346
0.0459377576081
0.635603436697
0.786810394339
0.211711442632
0.346802513297
0.384278550768
0.900993366332
0.253162611894
0.396335231122
0.914782789272
1.0
0.239657659993
0.559826009571
0.725406077533
0.651872349566
0.164621958736
0.78986396649
0.467383710826
0.804727342585
0.41975575081
0.198558213985
0.786427955522
0.369002768822
0.490202574204
0.292861671666
0.578675786358
0.826458003627
0.12038828109
0.536364529781
0.294331352862
0.929202075061
0.387802333501
0.270517553938
0.754396171974
1.0
