1.5
1.33333333333
0.890028922678
1.33333333333
1.5
1.02869347452
1.5
0.643023295684
1.5
1.04533626974
0.698604459443
1.5
1.5
1.27146481695
1.33333333333
1.5
1.14577757275
1.11422611372
1.5
1.1574076492
0.750587129552
1.33333333333
1.5
1.5
1.10960228689
1.14784678991
1.12685608329
1.04990588692
0.780195230711
0.95317698664
1.09872342112
1.15355789872
1.5
1.12954349355
1.20289656399
1.5
1.25
1.08783711076
1.33333333333
0.778813557865
1.33333333333
1.5
1.33333333333
0.908397525041
0.697755751817
1.41742004519
1.23912302158
1.5
1.11013861624
1.5
1.19860858072
1.37451790849
1.5
1.02317360528
0.563051952896
1.5
1.14384301436
1.19798088904
0.91451439016
0.851201704817
1.22094551377
1.5
1.33333333333
1.5
1.5
1.5
0.892179460275
1.1647952832
1.12537558045
0.607310191071
0.677438761248
1.31292895298
1.33333333333
1.5
1.13419019762
1.09105055811
1.33333333333
1.33333333333
0.446221036913
0.418691724809
1.5
1.5
0.980211259592
0.503387426146
1.25
1.34179381319
1.5
1.18877441562
1.19840338626
1.33333333333
0.676935657388
1.5
0.992660593344
1.06263425783
1.5
1.31292895298
1.33333333333
0.468609286982
1.33333333333
0.547035432321
1.10135816892
1.10675865561
1.33333333333
1.31292895298
0.557705004833
1.5
0.900941859361
1.33333333333
1.04056630621
1.5
0.780382563011
0.93897224098
1.5
1.5
1.5
1.5
0.840509749672
1.33333333333
0.816300500604
1.25
1.33333333333
1.5
1.5
1.5
1.15835885331
0.663017183097
0.84631079777
1.5
0.22602191255
0.611422471724
0.679259612457
1.5
0.694154341686
1.24978814268
1.33333333333
1.21406287752
1.33333333333
1.14384301436
0.483211374211
0.607660531103
1.09844047011
1.5
0.843628874294
0.841165526805
1.5
1.26518887491
0.917059194667
0.958129605692
1.5
1.33333333333
0.830174968889
1.5
1.33333333333
0.735976073732
1.33333333333
1.5
1.33333333333
1.03095512932
1.1366654337
1.5
1.5
0.422641587294
1.34179381319
1.15898948462
1.5
0.295292090105
1.5
1.18706068025
1.5
1.16022570067
1.19375447987
1.12680118906
0.681772621882
1.14136500766
1.03334165664
1.10594145084
1.5
1.01397832508
0.281999503677
1.5
1.5
0.756476114534
1.33333333333
1.33333333333
1.5
1.5
1.5
1.5
0.892424032579
1.09142402479
1.5
1.5
0.300451805454
1.33333333333
0.925556643034
0.924102849397
0.845070759964
1.33333333333
1.33333333333
1.33333333333
0.522700328658
0.915314420678
0.666037460197
1.19481116426
0.604344805782
1.33333333333
1.12738601569
1.33333333333
0.752655322109
1.33333333333
1.33333333333
1.5
0.895975352794
1.33333333333
1.23215387951
0.822668847218
1.24469690531
0.992193566378
1.08571975399
0.785683125381
0.942472905121
1.5
0.662055341469
1.11652064504
1.5
0.925243580024
1.33333333333
1.5
1.5
1.14553488513
1.5
0.685825195128
0.864089211913
1.5
1.33333333333
1.11386214257
1.33333333333
1.33333333333
1.0728785334
0.598728758742
1.06836605012
1.09407176651
0.926409560618
0.888836491394
0.907765812263
0.343818537876
1.5
1.5
1.25
1.33333333333
1.33333333333
1.33333333333
0.658685949142
1.17722717913
1.33333333333
0.895870712535
1.5
1.5
1.18097654464
1.33736658896
1.33333333333
1.31292895298
1.26580257424
1.5
1.20861930198
0.762856820775
0.845188755254
0.709824284611
0.889541480286
1.5
1.33333333333
1.12377291944
1.24490289428
1.5
1.5
0.986264199848
0.522882408118
1.5
1.1523618177
0.465288553786
1.5
1.5
0.942691817905
1.19808838914
1.5
1.04641292585
1.33333333333
1.5
1.33333333333
1.1729504422
1.5
1.09031999166
1.5
0.627135176055
1.33333333333
0.59816547188
1.33333333333
1.01464911415
0.756195276104
0.985330042165
1.33333333333
0.960524371221
1.5
1.5
1.5
0.810976476578
1.5
1.33333333333
0.962412193252
1.27350864159
1.5
0.96724941469
1.5
1.5
0.91347683528
1.17134265253
0.893604059044
1.33333333333
1.5
1.5
1.18957019203
1.33333333333
1.09867415068
1.33333333333
1.5
1.5
0.750198423536
1.13967519588
0.7603246889
1.05916206518
1.5
1.14948141532
1.5
0.766953936083
1.33333333333
1.20239705605
1.00576988223
1.20259525384
1.33333333333
1.5
1.40113853045
1.33333333333
0.920218647545
1.33333333333
0.609788982198
1.13303506816
0.588020617616
1.33333333333
1.13205892609
0.950603106301
1.40531011467
1.25
0.83443494269
1.5
1.21848681657
1.17492237487
0.791591530136
1.5
1.5
1.17917381977
1.02354828053
1.5
1.5
1.5
0.905556624373
0.92148174317
0.457397636824
1.12987410951
0.875115305668
1.33333333333
1.21576452154
1.5
1.25
1.26974048585
1.5
1.5
0.754821750161
0.97927935219
1.5
0.565680086
1.5
1.14672358634
1.25
1.16751823775
1.5
1.33333333333
0.729272834682
1.23811489173
0.728539213943
1.33333333333
0.499412336553
1.33333333333
0.984453654621
1.16106640371
1.5
0.690244128366
1.14932402482
0.720194656781
0.56386368811
0.722541146334
0.77856316084
0.876125244329
0.93340376108
1.5
1.5
1.33333333333
1.15756577926
0.642541001717
0.833892695252
0.774495601332
1.21151012236
1.05511064503
1.28104006663
1.5
1.5
1.5
1.33333333333
1.33333333333
1.08275754372
1.33333333333
0.737996102709
1.10135816892
1.20138227965
1.33333333333
1.5
1.33333333333
0.808000593979
1.28934965685
1.22297811364
1.5
1.20861930198
1.33333333333
1.11040119667
1.33333333333
1.33333333333
0.333564083248
0.288474811347
1.25
1.03611936111
1.05401443037
0.933434760778
1.08651182213
1.33333333333
1.33333333333
1.5
1.07775694895
1.24528445791
1.33333333333
0.53489886227
1.35778497275
1.5
1.33333333333
0.602767287138
1.20861930198
1.2099135661
1.33333333333
0.983078700971
0.552018728041
1.17624963354
1.5
1.08975590062
1.5
1.5
1.23427004637
1.32709692312
1.17104539676
1.33646350136
1.5
1.28595880524
1.33333333333
1.40406162868
1.07007016167
1.5
1.38320061223
1.33646350136
1.25
1.33333333333
0.883823902468
0.880088067118
1.5
1.26917826116
1.04850414664
0.963511617694
0.989004498699
1.25
1.5
1.33333333333
0.576858943069
0.587351968116
1.25422750186
0.847910322655
0.748990112226
0.990978284893
0.943394593538
1.5
0.885419012475
1.33333333333
1.30270668169
1.33333333333
0.713837491561
0.897876248963
1.33333333333
1.33333333333
0.942145798556
1.5
1.5
1.5
0.384868491886
1.11211106149
1.33333333333
1.05777845466
1.5
1.5
1.2867833247
1.33333333333
1.1531552673
0.982336561175
1.33333333333
1.33717979633
0.559531617927
0.723569186321
0.94158481654
1.12329364706
0.855556098336
1.16239588083
1.33333333333
0.961922728346
0.953649037568
1.18062933865
1.33333333333
1.18097654464
1.5
1.24697888355
1.04533626974
0.900713903696
0.946456738566
1.5
1.33333333333
1.5
1.5
0.581281846382
1.5
0.620644780756
1.06847283166
1.5
1.33333333333
1.5
1.33333333333
0.910479016212
0.809176185936
1.5
0.940432876249
1.33333333333
1.11386214257
0.778680089572
0.702059683235
1.33333333333
0.898642873214
1.23215527687
1.33333333333
0.624051403979
0.85106150225
0.915302173259
1.1341105308
1.25
0.782054539469
1.33333333333
1.5
1.18971562627
0.851386448939
0.881188149618
0.61723969446
1.10253853446
0.810654599715
1.33333333333
0.939973446372
1.33333333333
1.33333333333
1.5
0.749616390376
0.941076610055
1.5
1.19375447987
1.33333333333
0.648349470277
1.33333333333
1.33860616165
1.33333333333
0.898497901855
0.885968733901
0.558821021409
1.14862351825
1.33333333333
1.08354558689
1.25731315116
1.33333333333
0.581732043658
1.33333333333
0.837468497526
1.33333333333
1.33333333333
1.33333333333
0.844419609063
1.33333333333
1.5
1.12593188084
1.38320061223
1.33333333333
0.800599026437
1.5
1.20391126132
1.33333333333
1.06895903394
1.5
1.42606542912
1.38374686493
1.33333333333
0.936687334739
0.665378965665
1.5
1.33333333333
1.5
1.04307218731
1.5
1.5
1.1751898061
1.33333333333
0.912793444017
0.717893774519
1.33333333333
1.18177240478
1.5
1.5
1.13345139216
1.1484830937
1.20231651758
1.5
1.33333333333
1.11447172252
1.5
1.19156250121
1.33333333333
0.585431468876
0.838796573372
1.17040103396
1.19853611442
1.33333333333
0.859131393775
1.14928150401
1.5
1.33333333333
0.610537572724
0.822489576403
1.17134265253
1.19840338626
1.33333333333
0.868668440016
1.33333333333
0.907612839075
1.5
0.510361957812
1.28844920024
1.5
1.18941490286
0.683543425689
1.5
1.2873540648
1.5
1.5
1.28404361942
1.25
0.702749631834
1.5
0.732997736353
1.06633629031
1.09993012445
1.10620698513
1.33333333333
1.5
1.01238344651
1.33333333333
1.1672666453
1.5
1.5
1.0226756809
1.03203225263
1.33333333333
1.080763198
1.20861930198
1.1879105509
1.11696811658
1.25
1.33333333333
0.768620056534
1.33333333333
1.33333333333
1.05689440612
1.25
1.15120491928
0.328175099981
1.1423896172
1.5
1.25475405104
1.09582313639
0.897036240957
1.14796571709
0.845976228744
0.96833047624
0.774995957117
1.5
1.33333333333
1.33333333333
0.548664767403
1.5
1.19627747904
1.25364856901
1.2570139788
1.5
0.816311697311
1.5
1.33333333333
0.964991802948
0.944234518999
1.5
1.33333333333
0.486135763362
1.33333333333
0.977595755998
1.5
1.22651177929
1.33333333333
1.5
0.889502169983
1.5
1.24469690531
1.5
1.5
1.5
1.33333333333
1.33333333333
0.29824879194
0.26647530934
0.898808226482
1.25364856901
1.5
1.07261782263
1.5
1.5
0.825805775994
0.814383707686
