1.5
1.5
1.09418713369
0.329856482664
1.06043595115
0.877622706243
1.5
1.21323307857
1.5
1.5
1.12897298974
1.5
1.16684988844
1.5
1.33333333333
0.834037792679
1.21496097181
1.5
1.33333333333
1.18535995856
1.33333333333
1.33333333333
1.5
1.5
1.16307566454
1.5
1.5
1.16408559065
1.33333333333
1.33333333333
1.33333333333
1.5
1.22638312076
1.0958586849
1.11798828865
1.5
1.31077538409
1.08416213287
1.33333333333
0.991942094738
1.25
1.5
0.691582802283
1.5
0.545692416764
0.938601648489
1.5
1.5
0.922354391952
1.5
1.33333333333
1.06687625379
1.07096918849
1.31802935313
1.0784197329
1.21127814908
1.5
0.319313644034
1.5
1.25
1.33333333333
1.33333333333
1.5
1.5
1.5
1.33333333333
1.25
0.724384111716
1.33333333333
1.03713783443
0.808349945253
1.5
1.15696356178
1.25
1.5
1.5
0.187296158419
1.33333333333
1.25
1.33333333333
1.5
1.27931064209
1.27146481695
1.5
1.11506699039
0.754910863661
1.33877799696
1.33333333333
1.5
1.5
1.15231602589
1.5
1.5
0.798845680632
1.33333333333
1.5
1.11525707162
1.33333333333
1.5
1.05743937527
1.40387807552
1.5
1.5
1.40387807552
1.5
1.18680132958
1.33333333333
1.5
0.731996382366
1.33333333333
1.26518887491
0.897087826931
1.5
1.13218492621
1.21912506144
1.33333333333
1.33333333333
1.15708358986
1.25
1.5
1.18946327914
1.5
1.5
0.696428325615
1.33333333333
1.33333333333
1.5
1.5
0.847034150674
1.32103894683
1.5
1.33333333333
1.34101800422
1.5
1.5
1.33333333333
0.906147849948
1.33333333333
1.11097428782
1.5
1.33333333333
1.33333333333
1.5
0.802164300995
1.33333333333
0.187296158419
1.33333333333
1.12538025192
0.961719744474
1.5
0.900369330615
1.2186866525
0.802164300995
0.938010229429
1.5
1.33333333333
1.33333333333
1.33333333333
1.33333333333
1.0059897681
1.13585125583
1.33333333333
1.13981068087
1.5
1.33333333333
0.742722447258
1.29042071802
1.33333333333
0.741573821271
1.15195878247
1.09720738642
1.5
0.674979432921
1.25
1.18133042327
1.33571573706
1.5
1.19855979155
0.931496135994
1.33333333333
0.80018686031
0.456281355105
1.33333333333
0.605841423997
1.06901616725
1.5
1.25
1.40366877952
1.33333333333
1.5
1.33333333333
1.25
0.863383971428
1.16680829276
0.5
1.5
1.33333333333
1.33333333333
1.24011538174
1.33333333333
1.5
0.674403569354
1.5
1.5
0.784226625894
0.973681114322
1.33333333333
0.913883200325
1.08849448274
1.33333333333
1.5
1.5
0.999468777911
1.33333333333
1.03512411901
0.933938470109
1.5
1.5
1.5
0.250411246121
1.07096918849
1.5
1.5
1.5
1.5
1.1214565978
0.816205421193
1.33333333333
1.33333333333
0.688600042101
1.5
1.0958586849
1.5
1.33333333333
1.33333333333
1.33333333333
1.33333333333
1.36247344963
0.978516664143
1.33333333333
1.16876116406
1.5
1.5
1.24164896642
1.01605022622
0.857061308586
1.5
1.5
1.5
1.5
1.33333333333
1.33333333333
0.779925068662
1.11135316512
1.33333333333
1.18946327914
1.25513931466
1.25
1.5
1.5
1.5
1.0958586849
1.25
1.33333333333
1.5
1.5
1.5
0.936475692227
1.5
1.33333333333
1.09922029801
1.19337244459
1.33333333333
1.33333333333
1.22945335196
1.33333333333
0.877395813626
1.33333333333
0.18773185618
1.33877799696
1.33333333333
1.11371347719
1.16629541421
1.33333333333
1.33333333333
1.5
1.33333333333
1.5
1.33563074923
1.5
1.31077538409
1.26809269258
1.5
1.33333333333
1.25
1.33333333333
1.5
1.33333333333
0.928057435015
1.33333333333
0.427197958589
1.33333333333
1.33333333333
1.5
0.889723294483
1.5
1.33333333333
1.30344646839
1.33333333333
1.16530173086
1.5
1.33333333333
1.11077363187
1.38010884941
1.33333333333
1.5
1.5
1.33333333333
0.541282448023
1.5
1.5
1.5
1.19337244459
1.33333333333
1.33333333333
0.565223193462
1.0808629855
1.33333333333
1.33333333333
1.5
0.372825499046
1.5
0.252819408256
0.719922882694
1.5
0.921766545207
1.02880052234
1.5
1.34101800422
1.5
1.5
0.891204032519
1.33333333333
1.5
1.15231602589
1.5
1.5
1.15486304682
1.24614677851
1.33333333333
1.33333333333
1.33333333333
1.33333333333
1.09974866946
0.703398408146
1.22945335196
1.33333333333
1.05551427599
1.25
1.10930418618
1.33333333333
1.5
0.580741489185
0.805541822678
1.08396605791
1.33333333333
1.190667118
1.5
0.855096035043
0.712273587373
1.26925205035
0.887265522758
1.5
1.12756760338
1.31130066351
1.33333333333
1.33333333333
1.33333333333
1.33333333333
1.33333333333
0.399201329543
1.13364957837
1.33333333333
1.13790672799
1.33333333333
1.5
1.11097428782
1.33333333333
1.33333333333
1.33333333333
1.33333333333
1.5
0.753234171994
1.12177197336
0.956047274318
1.17450659949
1.5
1.5
1.5
1.33333333333
1.5
1.35609195574
1.5
1.5
0.899759735266
1.5
1.33333333333
1.22466033709
1.33333333333
1.5
1.24011538174
0.471651954437
1.09720738642
1.19593783567
1.5
1.5
1.20266905235
0.810928805133
1.5
1.5
1.36006556572
1.33333333333
1.25
1.33333333333
1.33333333333
0.553431832729
1.17479345971
1.33333333333
0.463721387428
1.5
1.15945395401
1.25
1.5
1.5
1.32802048726
0.269526808032
1.33333333333
1.15846405048
0.910270948201
1.33333333333
1.5
0.62279220447
1.12326623783
1.2471789689
1.5
1.5
0.768027973072
1.33333333333
1.5
0.674306522441
