0.775055892555
0.946014441501
0.771460898346
0.867167385103
0.807621079357
0.392854366584
0.90253438891
0.626660961329
0.893044413132
0.730212465116
0.722916208683
0.610126372636
0.944686618939
0.665943579508
0.924814179015
0.931122526808
0.737050085272
0.455956847363
0.919423289799
0.770178688715
0.680005382863
0.830274743057
0.733081869548
0.73490767145
0.608673886586
0.856787190901
0.797908615333
0.805120351908
0.708226097701
0.621604628687
0.719627154545
0.762481795547
0.852585794613
0.525789865656
0.539349620199
0.731915548269
0.909467010113
0.777680546261
0.939385899472
0.758022541257
0.918643411952
0.902558189083
0.821321243104
0.728376745664
0.563981239917
0.717155859818
0.567614607333
0.786408733338
0.567944182941
0.873002705398
0.566927813361
0.790851691838
0.883783612855
0.674119262734
0.744988014798
0.881317395512
0.59009016376
0.850149748559
0.779295759127
0.70286947581
0.671201111462
0.742222299754
0.800748550423
0.74675729274
0.764778899414
0.856663680678
0.709795333384
0.75706996488
0.741132869013
0.580257207967
0.687646606047
0.646556656804
0.892757145967
0.87798120537
0.750667168526
0.876182086706
0.873266525202
0.791069258223
0.838963803064
0.592103707122
0.956232337425
0.789500120216
0.925162615873
0.531632664287
0.875688972404
0.606249744293
0.787182358683
0.821696357868
0.741916076379
0.810899093575
0.669893502895
0.763365067251
0.655153426249
0.776124592979
0.794432231378
0.795149739727
0.869275982441
0.690059953473
0.894715522144
0.704707805051
0.483095011394
0.722798540361
0.80433107368
0.860311293759
0.453384157545
0.939549550896
0.524373999475
0.869899565587
0.634068401827
0.858442663817
0.726865630463
0.796996435235
0.705205111501
0.952311938934
0.861124311535
0.911512620435
0.426959270307
0.935652487621
0.783006244419
0.822839597904
0.879110117862
0.88176245928
0.88176245928
0.93762527088
0.80638764717
0.589520223916
0.679734425308
0.736700714106
0.653652092034
0.496294962856
0.825921210201
0.934677317675
0.571516326142
0.802144766219
0.886927447413
0.730373365674
0.939013671519
0.694294406839
0.726843678466
0.542610107909
0.7101402821
0.785866794358
0.678385801996
0.879801404156
0.787057731763
0.821271205873
0.623171383169
0.849999820675
0.841477825019
0.467547426128
0.677481601825
0.931758810174
0.694678425213
0.750051436811
0.889973541865
0.749065197575
0.942341438794
0.665868377433
0.752413505253
0.729181180612
0.709623124426
0.648711047111
0.935976427818
0.734186854634
0.790417771747
0.20359626738
0.827095823338
0.819645892427
0.789846286864
0.879680968071
0.562392312567
0.727385935236
0.647667771904
0.799588718383
0.719586692114
0.659486401068
0.702867825216
0.682289755161
0.473552498047
0.872747593228
0.859535086797
0.754464302642
0.970984725187
0.759544177608
0.822536784239
0.790820618136
0.911540394714
0.844431077224
0.657287693081
0.920248065015
0.840596260351
0.875750520367
0.576631832332
0.907393531875
0.58939629669
0.926584156756
0.680098173228
0.75386991298
0.839555497712
0.933350058473
0.548247121309
0.487701895531
0.676678003202
0.874789674951
0.666274016617
0.858220272888
0.85156216342
0.708856766389
0.428015738602
0.559541017865
0.941474744958
0.761903775226
0.491796578566
0.903622725189
0.594029546374
0.600349804657
0.681163197635
0.868855038535
0.734346549927
0.718411119096
0.539962918365
0.691001607095
0.455742199181
0.741138032503
0.591241586889
0.720300695088
0.84267977853
0.790347088302
0.847698993854
0.805608868094
0.8515770145
0.454139210997
0.771747626702
0.92198209694
0.782763911544
0.928289142062
0.796802296736
0.880413680571
0.951934708756
0.774106591183
0.808930066886
0.810993753101
0.667915219431
0.66829579623
0.861897022668
0.366909769232
0.923193923643
0.934377441008
0.924639714966
0.607947127525
0.824256115723
0.833048783025
0.515318519451
0.767360512292
0.849157719908
0.838957474334
0.75531675186
0.774589932241
0.92689672166
0.805358962212
0.775157589848
0.828874111535
0.686071107767
0.634073309901
0.678114079485
0.67645954507
0.39836919518
0.583519714235
0.67241306796
0.953504348387
0.721726253718
0.462042564145
0.728803272463
0.899817685364
0.723582624374
0.601830491309
0.32162747509
0.734478811223
0.549167471696
0.606468499911
0.659316290373
0.825283932778
0.840243323814
0.758650888844
0.820784043669
0.57524780663
0.935413841632
0.787486260545
0.885769848408
0.814990887863
0.889505765521
0.72502599878
0.764317190958
0.44482544892
0.88916323648
0.637877872082
0.957261244338
0.709402586531
0.392737040206
0.580670464885
0.874505789171
0.762701551859
0.840965084603
0.83834014758
0.889877925683
0.67071556456
0.817393450582
1.0
0.412552846229
0.830280150672
0.870729937247
0.637147572116
0.870963715053
0.820103956785
0.744369073397
0.809952317926
0.62028890739
0.698523337361
0.788170664636
0.853765188977
0.71781571829
0.893059166818
0.845391738267
0.790489055968
0.880455966387
0.743992250389
0.333873741219
0.430696477449
0.755148439695
0.76560929892
0.83933048545
0.621702089473
0.823639468767
0.576663816572
0.749766295802
0.693560992491
0.506723454068
0.789500120216
0.849532028868
0.849750071452
0.616315954889
0.860741244811
0.653451029129
0.799883977791
0.658630363216
0.767347317142
0.770779354952
0.456288350609
0.916411264514
0.485438358566
0.617708341112
0.922558266895
0.683223356486
0.953108922597
0.734828050148
0.69376738085
0.47338509979
0.91328818616
0.8552897075
0.716685827362
0.640646346057
0.733408142255
0.935093784613
0.79921056879
0.497131132603
0.877669551814
0.832720079303
0.775153561012
0.673846839717
0.773984992391
0.629160121618
0.873753312253
0.893743277569
0.800710259972
0.851193335134
0.941410496454
0.599247221993
0.800293837767
0.880885503066
0.71007586908
0.952066054609
0.721042724234
0.898158799026
0.752679486411
0.587613724328
0.890086815806
0.382726840183
0.742992776849
0.712016225145
0.939379883831
0.710401012109
0.965001253633
0.713737054478
0.717068108609
0.926871718255
0.399251852363
0.69996414108
0.531191214533
0.561442548574
0.599920753213
0.903536097219
0.745586482896
0.497584049099
0.705900629296
0.948117405681
0.908684150341
0.667353652979
0.515186501068
0.823582376672
0.595360499209
0.69954106986
0.909220914224
0.832254407192
0.742258191292
0.550086134183
0.892825990154
0.840546183235
0.896136613725
0.617435843478
0.796312094334
0.615703616495
0.833213313356
0.855254556162
0.918477586073
0.838811783533
0.871596145057
0.442275739169
0.674915768222
0.762137405708
0.839166978322
0.864491496256
0.719715079749
0.709500462654
0.72242491644
0.908939888901
0.352596039987
0.364949338897
0.776521603976
0.839729194448
0.618391717923
0.791264759776
0.685760610986
0.881245988241
0.729731691283
0.653189263133
0.609494450085
0.536574951466
0.908170535147
0.606089949002
0.60302796039
0.851699867355
0.90247810473
0.685596384333
0.769140500682
0.802062611047
0.881667444907
0.609530326827
0.534408997392
0.64640281839
0.810181501363
0.627898387479
0.931122526808
0.868778090665
0.585363886822
0.725800812258
0.727722132285
0.874409042732
0.962905389528
0.765863981996
0.929949822414
0.818736161229
0.847516124674
0.935085115737
0.912054930129
0.676206432226
0.899846173431
0.741380876974
0.749996930237
0.791490912961
0.839665219992
0.762168640266
0.785364940053
0.742925285904
0.641319819537
0.905951579927
0.812705117979
0.886677297529
0.653846379883
0.610122957492
0.951017982683
0.863760608779
0.597084840193
0.569903900696
0.610338221342
0.76402048627
0.827797055852
0.82461114227
0.713964969096
0.95806316045
0.778776224205
0.752190858789
0.908287587039
0.912821823764
0.680315104256
0.899795487915
0.686335721466
0.912985145743
0.544714469626
0.786166942064
0.874170653419
0.633492886611
0.853027239557
1.0
0.746102141838
0.830244439008
0.741196100083
0.635995167387
0.841021537892
0.647519106855
0.733255666126
0.334491698615
0.641881292844
0.812705117979
0.745291144654
0.945998291239
0.916066787411
0.746666921004
0.669045881451
0.805089019182
0.921163634892
0.779473263064
0.786847146229
0.640051732093
0.867514528025
0.568357213199
0.83829543533
0.826805677916
0.816156567464
0.969969115409
0.931971377803
0.429902257357
0.851953525706
0.810157309762
0.724871600005
0.886084586793
0.932754633059
0.796061763716
0.957843496244
0.623825710317
0.682080657977
0.969975530813
0.760205092063
0.864754725193
0.895671530924
0.744792968673
0.520529138094
0.89069780897
0.76232139789
0.776126985703
0.908400045474
0.52117585438
0.494669756488
0.634860876367
0.775175715578
0.454390187246
0.477251932752
0.928357418107
0.869367754989
0.7518927181
0.713809369197
0.441236338951
0.679057112336
0.546168183126
0.832546389708
0.904594942391
0.637949096455
0.565738554164
0.895693466583
0.846242518439
0.837289459484
0.589166350688
0.709874426461
0.535864696575
0.901595772357
0.578433426907
0.929296626931
0.794200280255
0.849258992276
0.764690859519
0.583943601519
0.724896980237
0.810466278717
0.924331977714
0.664851676628
0.683891426425
0.917915253863
0.452018894963
0.904594942391
0.884257119982
0.913579649003
0.867509539836
0.86436474017
0.55979598858
0.915499378062
0.82070949246
0.797119428466
0.857214227027
0.826447591961
0.571160206977
0.820949229507
0.683249773657
0.854769927186
0.792585719366
0.882463324473
0.831265327169
0.723291701244
0.718067788172
0.76842000202
0.662686065608
0.975856987414
0.839662644835
0.769233750736
0.883650453092
0.897734613145
0.736378089967
0.871766431923
0.814076775425
0.785706172552
0.53905093232
0.943260529294
0.717003647747
0.837858440869
0.739872162803
0.767506756256
0.78700618491
0.706188546239
0.833447493751
0.913436937016
0.719055921399
0.866222281577
0.60010533028
0.908266525633
0.80062374604
0.763560730451
0.859392532878
0.585075705363
0.845874052222
0.792249399459
0.78675939063
0.791434479984
0.919019933877
0.413357112559
0.906053673981
0.693931816976
0.742545159857
0.885936317297
0.815934154487
0.89473548788
0.745006969827
0.7317638598
0.377943487498
0.820770087102
0.872557420662
0.817101530192
0.601059596948
0.936089314005
0.865109166591
0.944957976858
0.804295641819
0.90642506932
0.836687134049
0.478251524741
0.887074133084
0.655035634644
0.778782152894
0.828833484502
0.815131602685
0.922069055698
0.954769604423
0.708053421396
0.973056002675
0.494481450146
0.938147184585
0.798978032317
0.657340607521
0.751538244944
0.888832188799
0.845956009787
0.74070400315
0.793870952001
0.773209612453
0.975768354026
0.826415703039
0.847337794118
0.817361561576
0.917868968028
0.65765632455
0.89249093324
0.850391939569
0.744703909467
0.681248635321
0.931849610533
0.826813955411
0.724397420521
0.572532109743
0.754496875991
0.635702931589
0.683626913185
0.60558364064
0.911839316774
0.852917577634
0.950099937244
0.520305377464
0.797170181007
0.433105532369
0.780970452164
0.568516152615
0.760894160103
0.695570678796
0.722441578182
0.773323183375
0.869776045641
0.373853220241
0.709931208671
0.779016434683
0.497844557823
0.795348323275
0.652818524518
0.86897675449
0.870002854691
0.836984605152
0.9323846689
0.702127603754
0.839286327316
0.673873036434
0.910737571252
0.867478481988
0.951447041508
0.859539293288
0.893521500013
0.911777507296
0.717126205964
0.650565255742
0.691742368774
0.765002642851
0.836973724258
0.397462643065
0.972548762139
0.777589760797
0.852357125949
