0.625095226363
0.899171841187
0.85035512604
0.551284731712
0.849198279373
0.922389177608
0.772122769934
0.750630292325
0.868898153837
0.80886769659
0.906979158543
0.900281848983
0.538873442038
0.898778628549
0.974373242945
0.682845464263
0.883783302679
0.959174988649
0.703582052262
0.948105571739
0.92493284154
0.80102135511
0.882106439764
0.959042253231
0.772485874444
0.840100703504
0.874800462395
0.770831940987
0.775284865854
0.955231695392
0.7501807096
0.715928698857
0.886263558441
0.779202670713
0.630378292765
0.970238464668
0.311787888145
0.88143011525
0.926179645108
0.70961341088
0.886896517532
0.908000186245
0.892834012822
0.86579874844
0.912121331942
0.62375681846
0.765441601917
0.855907711472
0.776838627081
0.470017147576
0.804290380546
0.814685714111
0.820480178137
0.922237889908
0.594540533195
0.912173931315
0.922814658874
0.633359029912
0.782874978725
0.878150529185
0.779105021026
0.886413139825
0.916295908528
0.890371616169
0.844285562782
0.922814658874
0.787997346725
0.655380637929
0.923034986511
0.711836174658
0.873284814546
0.749192726025
0.869512545339
0.880914652113
0.894692477308
0.637293192374
0.965360118772
0.895685120332
0.700351073917
0.889990677249
0.937025193391
0.847139198333
0.898270534473
0.955081936704
0.787606751422
0.880435449812
0.918310130947
0.556011956749
0.944227446288
0.872562338021
0.685297820487
0.861736406605
0.955671444981
0.716643963938
0.876519134624
0.909827902975
0.922340005596
0.927980012021
0.952030498131
0.542937048839
0.870840383998
0.919044780885
0.577160429775
0.630868377154
0.888822237605
0.850342978945
0.793307963945
0.875800079526
0.725882244053
0.793038749109
0.947856429342
0.922166112753
0.786712223125
0.943324570671
0.864015314501
0.925202291924
0.879001943334
0.734524469918
0.912009013277
0.848657544522
0.825894146698
0.862189665103
0.960989403457
0.152597332988
0.742776152757
0.769108128606
0.844538446602
0.757791221124
0.893552755672
0.76277256369
0.871259860004
0.950843124776
0.634070872418
0.877617238855
0.90341989268
0.804237194434
0.9258988046
0.883286191241
0.77682934088
0.692899393295
0.956276854355
0.845304967874
0.249524785087
0.927150219015
0.702104055539
0.843682572277
0.870010875797
0.589168650172
0.913054005409
0.959937771851
0.738095328883
0.942130017952
0.843284533365
0.768814144072
0.716124726405
0.97401397562
0.699522828397
0.836782494153
0.974200963075
0.681277720327
0.805178497674
1.0
0.703055784505
0.806323525767
0.789837655545
0.577763089642
0.881684281547
0.932428943053
0.870223739674
0.904193270594
0.891735930688
0.845321334373
0.949992736916
0.942616774263
0.489513038511
0.808258318675
0.966504848126
0.763325757474
0.916609840817
0.902746716643
0.575917871899
0.833184428623
0.943404208603
0.740648892523
0.951482320105
0.825913802933
0.88102975565
0.883722753969
0.851841657081
0.692939604317
0.915965305816
0.955022923865
0.662675016039
0.932273410207
0.968693248979
0.0574700313643
0.825683240663
0.923549518283
0.608382450361
0.898291960823
0.884008264713
0.576764065788
0.871210618413
0.944781264889
0.750122686968
0.806290860176
0.902940622409
0.423751979084
0.870831471508
0.972429875978
0.589867633164
0.920851750614
0.944077152726
0.469308425416
0.876453747338
0.891619965004
0.761326911375
0.83071757397
0.960515200579
0.667870440007
0.906200803155
0.948380051591
0.635057652043
0.91838626039
0.975857045574
0.657629730994
0.612609578689
0.981390830794
0.540462371456
0.857119802326
0.94866079327
0.727884477788
0.85644489639
0.921327094239
0.731625523878
0.908027111832
0.804304573395
0.859572743119
0.767883914195
0.758190598396
0.656919567469
0.744379079433
0.840730745867
0.896835344017
0.917919781261
0.980554084808
0.62468061594
0.717090789768
0.683415713438
0.877704666491
0.513124886034
0.791016297226
0.814538865466
0.940994054631
0.867863012162
0.770775378024
0.851443914964
0.812638788905
0.793040908704
0.720856216951
0.739990478644
0.930892082134
0.884686329763
0.938711277786
0.71764480304
0.726468306844
0.468518970303
0.878401980239
0.261812883674
0.873930047881
0.56124579393
0.924935353053
0.621336997395
0.941668814398
0.764219668105
0.744898744139
0.340807652019
0.816815053562
0.552624441012
0.806325180429
0.75584644289
0.77254926884
0.39035352264
0.893480184396
0.882781876222
0.870986338238
0.860754224532
0.932213008132
0.695404820931
0.0864608192886
0.837549349934
0.933939841935
0.776879318238
0.904467383915
0.867726510344
0.684134294922
0.751024669279
0.896641965239
0.573735077119
0.650441347276
