0.658567203361
1.07575361303
1.5
1.5
0.410428308891
1.25
1.16666666667
1.10503452437
1.33333333333
1.25
1.14285714286
1.33333333333
1.5
1.25
1.33333333333
0.749188553701
1.14812499189
1.125
0.800735864399
1.25
1.25
1.18153691192
1.25
1.33333333333
0.900443005015
1.25
1.5
0.772777476714
1.33333333333
1.25
0.895958412423
1.04471575399
1.14285714286
1.0820021373
0.739834835273
1.25
1.15221586895
1.25
0.942476063375
1.27762200823
0.795771117916
1.13914581766
1.11111111111
1.11998248152
1.33333333333
1.02656851889
1.5
1.16666666667
1.14107160815
1.14396767624
1.5
1.33333333333
1.33333333333
1.33333333333
1.14336427269
1.00587572237
1.25
0.70814120261
1.33333333333
1.5
0.551798079662
1.12735841137
1.5
0.895048629224
1.33333333333
1.25
1.33333333333
1.33333333333
1.25
1.5
1.2
1.5
1.12043079776
1.5
1.33333333333
0.779495963939
1.00835663271
0.842945906892
0.978200388338
1.17823838864
1.25
1.5
1.2
1.33333333333
1.25
1.33333333333
1.16666666667
1.03309239984
1.25
1.5
1.06662331813
1.33333333333
1.33333333333
1.25
1.14285714286
1.2
1.0
1.2
1.5
0.94328151567
1.25
1.33333333333
1.0860723964
1.1830824368
1.12141435226
1.14285714286
1.25
1.25
1.2264263189
1.03787251408
1.16666666667
1.125
1.2
1.25
1.125
1.16666666667
1.5
1.10788226077
1.25
1.33333333333
1.25
1.5
1.2
1.06784889648
0.990798290923
1.33333333333
1.33333333333
1.5
1.16666666667
1.2
1.5
1.33333333333
0.927370175303
1.33333333333
1.14285714286
1.14285714286
1.16666666667
1.25
1.16666666667
1.33333333333
1.16666666667
1.14285714286
0.874661269624
1.33333333333
0.844869798544
1.14830738134
1.5
0.676990091976
1.14285714286
1.14285714286
1.25
1.08824606638
1.1430443814
1.5
1.33333333333
1.1
0.771036041391
0.464574676252
1.2
1.5
1.09865872361
1.25
0.876530285541
1.17429133265
0.924844224743
0.644685228462
1.07152956893
1.14285714286
1.07554648643
1.25
1.2
0.975755249137
1.33333333333
1.16666666667
0.930392712951
1.33333333333
1.25
1.33333333333
0.905427742754
1.14285714286
0.494290655175
1.33333333333
1.25
0.898420983201
1.33333333333
1.10192388396
1.01832150503
1.33333333333
1.5
1.5
1.25
1.125
1.33333333333
1.1
1.33333333333
0.54701480656
1.25
1.25
1.33333333333
1.2
1.25
1.33333333333
1.25
1.33333333333
1.2
1.33333333333
1.25
0.78684035724
1.16666666667
1.33333333333
1.5
1.2
1.20834861865
0.94396677471
1.5
1.5
1.00812093831
1.2
1.33333333333
0.672716788609
1.16666666667
1.33333333333
1.01575292305
1.16666666667
1.16666666667
1.2
0.763709549896
1.25
0.987651070209
1.03490076202
1.2
1.04426595782
1.2
1.16666666667
0.687329453558
1.25
0.688435050582
1.33333333333
0.842795609344
1.5
1.06997546002
1.33333333333
1.05944667035
1.25
1.14285714286
1.125
1.13787521267
1.5
0.951341297533
0.694526446892
1.18097654464
1.2
1.25
1.07692307692
1.33333333333
0.968031138815
1.33333333333
1.37864154627
1.16666666667
0.861430093817
0.855544890992
1.33333333333
1.25
1.16666666667
0.916030092624
0.89505184122
1.13705067863
1.2
1.32748669092
1.11673041518
0.735833871819
0.951648122832
0.539188505306
1.16666666667
0.714298546462
1.33333333333
0.717107924949
1.5
1.1534318569
1.16666666667
1.25
0.820201448024
0.722825616469
1.16666666667
1.14835747442
0.939836513594
0.900200461637
1.11111111111
0.90511173627
1.5
0.962158797827
1.2
1.33333333333
1.1
1.16449495731
1.12460515008
1.25
1.5
0.964727875412
1.29686892618
