0.877510130228
0.891375239605
0.875982419011
0.744190195131
0.793132279919
0.905351679479
0.80820611982
0.691001966089
0.717356096242
0.594021959174
0.584567183394
0.907772496253
0.85872829424
0.814451600525
1.0
0.613460385944
0.74072546972
0.927670524328
0.604755934201
0.826438396559
0.91746817382
0.765626515591
0.817004553253
0.738605178642
0.813845251679
1.0
0.743532199425
0.887894330442
0.894908219223
0.725041635101
0.866218593683
1.0
0.857998329678
0.596611783207
0.918398933895
0.883145346447
0.861652864133
0.848003331359
0.911206606445
0.719629379505
0.666172548309
0.780707671924
0.410352564694
0.732578823621
0.736702697806
0.743589160778
0.569733061947
0.894413223301
0.615057770697
0.736927850017
0.91746817382
0.702110618677
0.803122759869
0.83427581591
0.620382244734
0.835929787066
0.984553653127
0.879493663276
0.587864617739
0.928508887087
0.716370029608
0.730519125491
0.775247075257
0.674295252635
0.708760005043
1.0
0.758704312369
0.862223264691
0.828556371334
0.782657041843
0.701069273729
0.826818821174
0.586694122268
0.796137859821
0.891263579567
0.830982923779
0.710644920135
0.740665951969
0.696470463565
0.529090077513
0.805607953201
0.318379160379
0.707052059796
0.837188281139
0.602392609889
0.863011208429
1.0
0.677559501183
0.564498154017
0.872080635551
0.678710422901
0.669440840487
0.868217068272
0.725259581531
0.770415542624
0.896631057062
0.666239142122
0.813164011843
0.887624318866
0.787940735744
0.705670831374
0.908739585006
0.542328824514
0.824960917703
0.842341527062
0.941777491726
0.808640778006
0.800055489027
0.641519547444
0.835978849309
0.344709178526
0.571916397484
0.700576084567
0.824350625112
0.637567688367
0.754405396196
0.899652696835
0.685859109162
0.713125515364
0.767645107104
0.732757343451
0.736927850017
0.898404934356
0.607756036325
0.55741250593
0.950484072159
0.765891115193
0.850218825202
0.82386696449
1.0
0.910168381984
0.85047455821
0.628301671668
0.972755905058
0.726367179754
0.861025752709
0.743094736342
0.842670428021
0.805033371774
0.75918776951
0.878379776781
0.833769021894
0.781700364679
0.705432190994
0.676178132969
0.710644920135
0.846991053286
0.653118691519
0.468954915137
0.809115747361
0.336881710757
0.737782260968
0.749436340525
0.878737713658
0.786043010226
0.921567051052
0.749932210459
0.716162318071
0.849940981641
0.577506803312
0.584567183394
0.859217508688
0.826505041622
0.791161057223
0.896254822459
0.834336539735
0.618896724602
0.876604223675
0.679837160561
0.754917790331
0.898815534754
0.748506189326
0.611539320944
0.944190620086
0.845819199232
0.755855564514
0.93862875095
0.534608766185
0.895299771999
0.775767356625
0.655542082138
0.469063920724
0.84026920499
0.516301256524
0.815210712717
1.0
0.737975771687
0.942543240774
0.914330943955
0.567599308979
0.818417794945
0.920615600551
0.718270967559
0.793679653354
0.0232862559049
0.71888621774
0.902484671031
1.0
0.63319472118
0.781081509879
0.917937838148
0.505286503805
0.640698594315
0.962628803888
0.706260693611
0.674190097515
0.860451993337
0.727154546583
0.635405478548
0.953860021094
0.609053705839
0.799752996526
0.886636416085
0.826381256663
0.597513914332
0.711883608931
0.648648950183
0.855573884648
0.924843008924
0.0528903683186
0.803122759869
0.785354339133
0.829071635589
0.822226025459
0.801609413617
0.621440496662
0.451912579665
0.896254822459
0.769483786768
0.846860664969
0.944838444171
0.596611783207
0.71693411622
0.841184301046
0.591142873543
0.855276006667
1.0
0.733277146711
0.837595939553
0.904246589211
0.629699642706
0.565057679044
0.962628803888
0.834728954253
0.817170216204
0.804129901214
0.588936699969
0.884970445497
0.939102988662
0.854245701412
0.529090077513
0.868319037875
0.771367660323
0.595113611
0.958770973167
0.732757343451
0.732066118271
0.910863586112
0.769771295807
0.857191460445
0.805124555581
0.596611783207
0.847541430843
0.958707526709
0.630568271738
0.724465929155
1.0
0.773299912762
0.900796174458
0.770958287363
0.775110275729
0.866811847291
0.97969622362
0.818038327665
0.8753242133
0.789068109183
0.862880627511
0.831668967386
0.854050217139
0.623046926693
0.926268574435
0.892351616946
0.759432006504
0.679236755234
0.896254822459
0.542328824514
0.73533999208
0.78712846757
0.632821157549
0.714211892211
0.900909334009
0.871087628554
0.781197563112
0.684364697828
0.790834980388
0.725607135276
0.886293934345
0.693997169588
0.711991920587
0.848088885325
0.545159849114
0.835978849309
0.703675332521
0.623704615959
0.683838466992
0.890328660811
0.942629587194
0.863669158549
0.842670428021
0.695496213992
0.737379773518
0.707123936774
0.452048852508
0.878441572254
0.909396570076
0.387861988497
0.774602517687
0.687354162041
0.576348834342
1.0
0.946003678225
0.604050118667
0.866811847291
0.96271218431
0.71621910857
0.656756338951
0.729628706373
0.654386412061
0.725072988573
0.821500671781
0.473569682946
0.774602517687
0.670179492547
0.844280525566
0.797630732664
0.512553835211
0.633281261054
0.827598227468
0.628301671668
0.861149519188
1.0
0.530128199817
0.825858947631
0.984553653127
0.724434654071
0.772675955191
0.762209910586
0.779126619605
0.805977101227
0.862663347342
0.71621910857
0.683060441355
0.848534391333
0.78760155045
0.569358298636
1.0
0.68019397031
0.83901935899
0.87790810323
0.353712688922
0.852838641323
0.859397465143
0.583168271605
0.78168157408
0.837598681573
0.73980164226
0.617301923508
0.984553653127
0.559342176478
0.779828822903
0.725041635101
0.763439984009
0.773164876885
0.942689904903
0.749525747716
0.855276006667
0.936824231523
0.723168392859
0.438330771603
0.727695348394
0.541868485161
0.588686922596
0.933263505054
0.844828159654
0.900535466671
0.91208133756
0.763494933052
0.82609824127
0.895251049229
0.830074480731
0.485676038696
0.78712846757
0.811044469133
0.837738151693
0.723151372723
0.63460721998
0.650629571293
0.93862875095
0.809511769046
0.737982626499
0.882667836211
0.764851443579
0.716056524058
0.835030203551
0.869997021519
0.591170932003
0.718011832573
0.71621910857
0.855276006667
0.889869689235
0.63319472118
0.823995521779
0.898815534754
0.549234819614
0.714211892211
0.93862875095
0.798668940804
0.689089035685
0.814055179315
0.790606564846
0.867138287315
0.92217265294
0.73204244841
0.796634434402
0.848088885325
0.645878676343
0.920226992752
0.923857801017
0.564483329991
0.797603900994
1.0
0.542531962411
0.818119273304
0.910562798527
0.740811264984
0.678507171175
0.768898029757
0.763107538519
0.733953927467
0.842670428021
0.469473277277
0.638478266789
0.836986744544
0.654470900303
0.821916564078
0.756126565381
0.532929501194
0.828178137681
0.861053310983
0.554182715498
