0.637391682676
0.608351575366
0.91375981739
0.90837073188
1.0
0.698969111301
0.618651167522
0.83400145837
0.783600467042
0.769269419964
0.875815758023
0.929406243894
0.850321075953
0.782399202028
0.707343977648
0.844884343769
0.950821828724
0.795062164009
0.749555533177
0.640359781348
0.515419157464
0.621946188357
0.837161321257
0.827692856315
0.747491758099
0.862861013235
0.519926462827
0.81412623219
0.440848254826
0.866176131665
0.655198737285
0.800407231966
0.39548079243
0.828438788753
0.695450938385
0.795893380851
0.921529158615
0.867614403737
0.63236322134
0.864985066121
0.926107085407
0.756483123792
0.808109047982
0.931583538382
0.507710808982
0.903551754413
0.88431157733
0.785986927197
0.915097793704
0.854087176164
0.838886445982
0.821671873402
0.770597991415
0.921670329791
0.786509368839
0.949560855961
0.695674057593
0.678522218261
0.884169166742
0.440252232364
0.83120611795
0.819456220803
0.670712321502
0.853263170559
0.889708816433
0.903624190652
0.939666052283
0.587227308699
0.827361202534
0.751806082502
0.924886284176
0.894370293229
0.77503287917
0.749193341366
0.73147434378
0.821393039256
0.800601469634
0.90902278271
0.850750900725
0.676179858804
0.741770506648
0.817809069612
0.522648415154
0.591545476628
0.543376926853
0.634257529286
0.433017725998
0.884082048993
0.760826750982
0.638045662676
0.879836448552
0.596458366733
0.591287890301
0.866107369466
0.945820876274
0.788459716869
0.673275733032
0.937922372519
0.554526298157
0.972147136742
0.764123125654
0.50404195234
0.288444214779
0.688499297474
0.647607848074
0.89003758099
0.632444893739
0.845399638822
0.547455653768
0.914347306542
0.891827163698
0.914134727856
0.730864626497
0.518517520122
0.58326864103
0.707779307737
0.642584418192
0.678936399614
0.663475320261
0.82068624894
0.645400165598
0.655893185449
0.661183541479
0.509076768633
0.923749791167
0.74036676158
0.958640245379
0.970211565933
0.800808280563
0.866254712552
0.589071621752
0.505152551237
0.671774395678
0.784996924247
0.397216092274
0.81627293843
0.824560831638
0.838407875679
0.841036923308
0.708309771402
0.404800794252
0.676645394831
0.87516091092
0.654607932574
0.840597732627
0.700092592978
0.699614345719
0.548836000904
0.858791922092
0.55268470943
0.968340987846
0.796127615023
0.86312636076
0.393580430704
0.903974059781
0.848883137309
0.753259387741
0.710194477486
0.711214170211
0.880570534788
0.949767112302
0.929913190536
0.757752702452
0.714299357667
0.745614781824
0.69663942035
0.52546813782
0.789191494473
0.904822702196
0.995008680253
0.78271959507
0.878188868836
0.460943039854
0.533781098451
0.897593679527
0.764432068959
0.542642070571
0.625012036353
0.895475709515
0.810935290846
0.887607566509
0.401443886788
0.71992600195
0.783272856881
0.614568006506
0.8135980499
0.791052204854
0.609465732395
0.807801176043
0.562500124838
0.925625289398
0.731472041124
0.856308081115
0.535907907488
0.842115995602
0.393888140082
0.608819349577
0.819651239039
0.871523833429
0.902872860545
0.541457592097
0.702771523087
0.733882147792
0.582947448747
0.937425425684
0.863860139223
0.683269787345
0.735331246056
0.698108943333
0.687959079891
0.879527798621
0.666173202974
0.894629956067
0.957759410331
0.607096566398
0.398517499067
0.523208624596
0.842977200944
0.758800144634
0.955498753591
0.862643639402
0.480261953298
0.602514401278
0.570511862474
0.727161480844
0.828793637865
0.869289117539
0.789276305873
0.941045631371
0.558261928089
0.918739006065
0.569831518688
0.862346081589
0.513544045926
0.686489693045
0.86850608449
0.226753089601
0.772653566652
0.698504116664
0.757581733301
0.780550977892
0.512736427383
0.772795589272
0.718231205438
0.617803687805
0.869646995369
0.619493593488
0.690250115401
0.87920452497
0.59083348359
0.813238954983
0.506608758338
0.845835406583
0.838412067308
0.85136318861
0.645898824098
0.726690347817
0.95247489873
0.823608510339
0.754908030376
0.681142612596
0.51158190076
0.954393978857
0.715366733838
0.773582450592
0.709246432397
0.756723276608
0.474738907314
0.697659815762
0.955969801275
0.866990562191
0.467380693395
0.835396141667
0.837398914491
0.851363151102
0.930941916787
0.685830349946
0.866596254978
0.649261255261
0.934315597112
0.445875848976
0.959248896141
0.765036565995
0.802344090585
0.861259089567
0.32277431647
0.542387487854
0.737562385223
0.536792856616
0.648326891073
0.972456804601
0.586526529641
0.836481558823
0.680871478847
0.861947253125
0.106956390379
0.613114432569
0.945468278419
0.724393310402
0.69858564118
0.968395340286
0.568216186814
0.364873884753
0.627496934741
0.946097981547
0.997635779501
0.662606158287
0.927391169941
0.240216610396
0.669406334801
0.785640947892
0.896202636089
0.881619453916
0.956026503224
0.846975218594
0.709044816842
0.676360869834
0.627284608102
0.352885685818
0.89421990549
0.889700552807
0.701731273652
0.381172110579
0.658539153559
0.885528878898
0.908329287387
0.803016095601
0.681767578921
0.906773553783
0.700464967667
0.580112389738
0.567892631552
0.622968262117
0.909028966403
1.0
0.9312335035
0.646431002601
0.371011383948
0.653454788638
0.863672055118
0.377724741967
0.708843258818
0.821856366392
0.868795837447
0.669991170197
0.849789353638
0.745005872764
0.787735766465
0.16922925051
0.67672829143
0.851089553785
0.903675574461
0.756920672416
0.935928470736
0.730903174208
0.555539487574
0.653948643366
0.692579011102
0.950552367776
0.685672707508
0.652143801446
0.890477107
0.870677723555
0.472248151854
0.399865861273
0.813773513583
0.539560107852
0.600032842407
0.676734395857
0.471775002301
0.680981645063
0.821413478722
0.81276350456
0.747385390627
0.881552534643
0.79078332166
0.693086690928
0.682419579213
0.725812808997
0.473405573788
0.537575112722
0.850957697538
0.472017326797
0.850523572518
0.919811179401
0.779422069506
0.94013307752
0.44037386981
0.731045203252
0.836150058728
0.684880527183
0.730766000792
0.753302067871
0.693169862435
0.829402791268
0.644763454032
0.549167260237
0.788867397693
0.657053785215
0.774572579954
0.847535512313
0.717411027488
0.518092039808
0.872623594139
0.843147386182
0.478052362798
0.909444334691
0.740038990108
0.663206051359
0.859219706655
0.404901361381
0.840744762951
0.823271640221
0.838684496061
0.506012244062
0.66509102334
0.589100539764
0.527830940659
0.621777480316
0.681768846162
0.254984812546
1.0
0.694553261653
0.738774380055
0.835708818621
0.733948238236
0.727942073221
0.801945547038
0.781473039118
0.757398275075
0.874782513935
0.687528336823
0.799213014345
0.421203606915
0.838516328516
0.547658819275
0.68949716375
0.802195801157
0.581998973086
0.843942552843
0.499273821971
0.848915954336
0.708026375646
0.62348663948
0.972708760285
0.91352522407
0.932218778199
0.901229831262
0.613418495478
0.855747671071
0.609380451112
0.84313616958
0.561692855572
0.602259252348
0.730262969843
0.208952332199
0.657939997598
0.90260184355
0.712508709883
0.780322574044
0.904340279821
0.728084879657
0.668249401815
0.519172841565
0.862611486263
0.83975571628
0.618387943974
0.501086319333
0.7591776741
0.672936474583
0.265808539469
0.737121862072
0.618109979406
0.870079047924
0.463137541749
0.825499121176
0.727774871198
0.590491564907
0.464153777151
0.797792105026
0.822013499389
0.204678941677
0.724140395564
0.94753879866
0.773699472906
0.785930804087
0.846578886742
0.178164836373
0.927967100499
0.908155324572
0.815574739778
0.870862655092
0.879842404714
0.959553366102
0.526827700619
0.831894382148
0.84309605633
0.636627787573
0.740916465437
0.817690187274
0.742120813237
0.375042094326
0.820800264939
0.826155544886
0.973820814595
0.702434632511
0.954890344569
0.384570122678
0.946420425074
0.809914040109
0.897770727148
0.742132240521
0.626222299489
0.832776179959
0.481965573455
0.811384103586
0.792140564871
0.945971042354
0.709027027001
0.891243710507
0.763714487996
0.790055113004
0.811774760808
0.337245123699
0.58866087075
0.916097687837
0.724501498781
0.837492081052
0.737631714589
0.90980271758
0.897093695599
0.769701078389
0.637064459748
0.704878299582
0.933891587546
0.912498716356
0.932633341753
0.985437403636
0.822426267264
0.76040688415
0.881108999504
0.699249506737
0.873472392548
0.10793682326
0.665637564298
0.70670459478
0.839772392249
0.759078719688
0.647732865748
0.405854417037
0.679368637393
0.224255952075
0.794806133066
0.754917282678
0.643679844086
0.727416991881
0.833535124366
0.558380564452
0.84333566858
0.70827495483
0.484499242087
0.859373170773
0.876184814743
0.485414385317
0.84645325402
0.912872242397
0.479663944025
0.675725796858
0.757300014661
0.865824411219
0.821394270423
0.901511594466
0.567214549963
0.877785770077
0.857396220338
0.796558185407
0.445018005905
0.825776114702
0.629731596599
0.824731131631
0.598540991758
0.338880361043
0.868816715553
0.906745127903
0.84680633661
0.719007217837
0.939705055515
0.585533865994
0.764825385908
0.737507432648
0.829447956861
0.913032106969
0.889936447189
0.706920351094
0.854311228765
0.263172079216
0.915929488639
0.644712131288
0.759312248247
0.893675758191
0.942474412474
0.849213896575
0.756909832691
0.574219328274
0.947314396705
0.885861210995
0.839593330736
0.61090264832
0.791895293707
0.720121628406
0.428298155388
0.782781272094
0.496850166502
0.49114647788
0.417785838467
0.715018520598
0.808227690728
0.900736023855
0.516985912763
0.679345015697
0.559186473636
0.856696656147
0.535596663012
0.741433343563
0.831533422767
0.817778345634
0.97231476977
0.805197658804
0.921977749423
0.931854910924
0.484172200799
0.676964680881
0.622936687882
0.77301721984
0.552576008412
0.88014194004
0.820182609913
0.670849256682
0.585487800816
0.724593894936
0.697653577828
0.460897646625
0.711022804411
0.94675680739
0.888701700563
0.892788777599
0.88317925753
0.859816373051
0.728039809519
0.909642498969
0.63613469096
0.603532953501
0.548834573826
0.820057465465
0.765831252153
0.750239634837
0.869721061966
0.691007201331
0.91391308113
0.662504353182
0.880339413673
0.925462228211
0.822423639994
0.399971647741
0.953295217244
0.148846551468
0.685982693043
0.895296523195
0.72863206549
0.839137363339
0.716842320181
0.595402407809
0.806764707094
0.955205128358
0.770356790858
0.545519757271
0.965785882137
0.896210249679
0.80963005752
0.748170318639
0.87467396662
0.854221111025
0.787301524564
0.691393997386
0.696852215522
0.39360892249
0.733885563338
0.801134279271
0.422408695339
0.830464184182
0.676447218547
0.810902369286
0.933910885876
0.792585118869
0.596667672923
0.777532624338
0.422107972923
0.660209407741
0.795554246201
0.883487074073
0.923319244554
0.870906400368
0.700012087954
0.80296790691
0.402595728587
0.173026320923
0.793091977365
0.889615432084
0.884355551963
0.646296278602
0.525579259604
0.791396867771
0.785032376014
0.271596168805
0.636309153759
0.711287999704
0.903736739826
0.831144502334
0.887016241742
0.828381898926
0.797973760359
0.859396908906
0.6362951421
0.725190674061
0.553761241957
1.0
0.417185005874
0.331320676686
0.687950361071
0.582047218831
0.805708439143
0.774930895641
0.545338668916
0.868016583623
0.815381935539
0.526990330769
0.973083701493
0.681485468533
0.869460915568
0.597998392404
0.708130010515
0.929093814302
0.913495263599
0.508509077413
0.833375298193
0.81673099597
0.801765460866
0.933456567739
0.905207693477
0.77257038081
