0.726150659657
1.5
1.5
1.5
1.5
1.18918801825
0.365197479944
1.5
1.5
1.5
1.16650216384
1.33333333333
1.5
1.2
1.28953725615
0.791423459272
1.5
0.404842847341
0.31542304448
1.5
0.728407142861
1.5
1.5
1.33333333333
1.5
1.5
0.550636369686
0.887374946081
0.813976673623
1.25
0.72954218961
1.5
1.5
1.24046281676
1.5
1.19661270327
0.837921918266
0.83812729864
1.30578318718
1.5
1.11755941001
0.436713223474
1.5
1.5
1.5
1.5
0.697657099826
1.5
1.5
1.5
0.894182649052
1.34115651925
1.33333333333
1.5
0.624480744352
0.917323651338
1.29586602206
0.813601760821
1.5
1.33333333333
1.5
1.15829795413
1.5
1.5
1.5
0.807207290065
1.5
1.5
1.5
1.33333333333
1.26312848411
1.22976553853
1.5
1.5
1.22862969354
0.499361323885
0.424906267367
0.417185429954
0.838389749637
1.17925648676
0.258082084006
1.29405509462
1.5
1.5
1.2644585755
0.73846161162
1.17666552293
0.769427010272
1.33333333333
1.07950911275
0.822965381679
1.5
0.694991117317
1.5
1.5
0.926319617772
0.516144952703
1.5
0.760150767113
1.0686059343
0.438188523825
0.299324037529
0.715936814266
1.12510236588
1.33333333333
0.424227854174
1.5
1.5
1.06924129328
1.5
0.671019936518
1.5
1.5
1.33333333333
1.19515932426
1.2033708965
1.5
1.33333333333
1.5
1.5
1.22789746891
1.5
0.971409725555
1.5
1.2
0.868974888149
0.595573826386
1.3035663197
1.5
1.5
0.489358318711
0.66474507839
1.5
1.5
1.5
1.01340871282
1.5
1.5
1.33333333333
1.5
0.488493348147
1.22681438296
0.961338722916
1.5
1.5
1.39199836907
0.908460191106
1.5
1.5
1.25
0.646261259786
0.349657889101
1.5
1.33333333333
1.33333333333
0.671623071148
1.12968648792
0.594104218857
1.33333333333
1.17639041359
1.20860236339
1.10729025664
0.92589697564
1.33333333333
1.5
0.535726755361
0.539631108783
1.5
1.5
1.5
0.619561507341
1.5
1.5
1.5
1.33333333333
0.701610504358
0.889580687915
1.16985660034
1.5
0.533071735641
1.14598690795
1.18398142045
1.04943674118
0.705413176337
1.5
1.13147985535
0.33378948278
1.5
0.869098085686
1.33333333333
0.413434431412
1.5
1.5
1.5
1.5
0.911830871721
0.805120528146
1.18989250473
1.5
1.06663635087
1.5
0.717368351152
1.1746226144
0.798068006661
1.33333333333
0.806938626602
1.25
1.5
1.5
1.5
1.21952661785
0.994703942037
1.04259941918
1.33333333333
1.5
0.520155489304
1.16852352176
1.18981188649
0.968758528038
1.5
0.909998850646
0.800614325722
1.33333333333
1.5
1.5
0.883894448851
1.5
1.14403969516
1.12606461395
1.5
1.5
1.29213253209
1.5
1.5
1.33333333333
0.476523331532
0.794002574793
1.33333333333
0.879871773197
1.27702716164
0.796592187475
0.486577060002
1.17609031225
1.5
1.5
0.787529027865
1.24739424281
1.5
1.5
1.5
1.12831891622
0.669862985451
1.33333333333
1.5
1.37195848387
0.9115637995
1.5
1.5
1.5
0.84676064146
0.694594137969
0.813226166532
1.5
1.33333333333
0.908647973282
0.734803052627
1.5
1.21037103018
0.612397826
1.5
0.358388687585
1.5
1.43806219382
1.10783184049
1.5
0.368864228238
0.855113112966
0.787505445097
1.2808756074
1.5
0.963403923174
1.07810889929
1.13447937576
1.5
1.5
0.483949824605
0.843223013054
0.92331722538
1.25
1.33333333333
1.15226758187
0.716269974585
1.5
1.01430924775
1.08522479587
1.21203095667
1.15332568009
1.5
1.01018892026
1.33333333333
0.256937792807
0.893313403832
1.13537153343
1.33333333333
1.5
0.976646519295
1.12490806719
1.5
1.31622385359
1.5
1.23741761323
1.5
1.5
1.5
1.13660132014
0.732313137094
0.432786898877
1.22070394519
1.12141435226
1.5
0.71828166444
1.26005568553
1.33769940399
1.33333333333
1.33333333333
1.15371251033
0.536837948644
1.33333333333
1.5
1.5
1.20113593353
0.510279632068
1.5
1.26413546837
1.33333333333
1.12608288734
0.749181149192
0.741665059921
1.33333333333
1.08036144528
1.35276016897
1.19766181881
0.878430934641
1.5
1.16037099868
0.78942271939
0.506501332446
0.792292691156
1.5
1.02208796181
0.704774938498
0.827632681401
0.905495586352
1.5
0.369748159365
0.726003626188
1.5
1.12851188108
0.417504861785
0.271412540386
0.954730407006
1.5
1.5
1.10789893075
1.12592275597
0.656218367838
0.847085806157
0.780340910366
1.1142239813
1.5
0.423877948459
0.788951402929
0.800090569508
1.5
0.668579407493
0.818884277658
0.657755068334
1.12557695105
0.980980737752
0.986301629203
1.5
1.33333333333
0.76166193907
1.27146481695
1.22383594327
1.5
0.880627187356
0.817045749707
1.5
1.33333333333
0.472901490375
0.686220470213
1.33333333333
1.5
1.15031964275
0.330978779351
1.5
1.5
1.11482425277
0.67685582478
0.878491689042
1.33333333333
0.869637271552
0.973495331244
1.5
1.5
0.853925585454
1.5
0.740248696794
1.33333333333
0.416840128211
1.10278239754
1.12592275597
1.5
1.18956310053
1.5
0.771315840946
1.33333333333
0.66979939086
0.636601694019
1.06057398242
1.5
0.779105123656
1.21482465748
1.5
1.5
0.465153597543
0.559641693615
1.5
1.10445048991
0.659749535823
0.771315840946
0.8542074527
1.5
0.708174317432
0.493458999222
0.771315840946
1.5
1.13387227254
1.19459682808
0.806968391732
1.5
0.281138728366
1.06895301605
1.15801523813
1.13877850429
0.392689735882
0.819857317438
1.5
1.5
1.5
0.659606182502
0.771315840946
1.5
0.27516298776
0.771315840946
1.5
1.5
0.773129738676
1.5
1.5
1.33333333333
0.814475827971
0.626379183376
0.639641709906
1.5
0.221085705402
0.861956329456
0.973495331244
1.02208796181
0.327266226629
1.4363011642
1.5
1.5
0.330943213206
0.647371659052
1.22383594327
1.5
0.7386862018
1.01841169849
1.25
1.03030422691
0.64085060016
0.391272944564
0.891759416947
1.33333333333
0.380459106047
0.806798326626
1.5
1.33333333333
1.20124800021
0.686844133396
1.22383594327
1.5
0.735302093795
1.08522547731
1.5
1.5
0.436754631453
0.74578247553
1.5
0.89840416939
0.225373357227
1.5
1.22383594327
1.5
0.545004974647
0.58985627785
1.22383594327
1.5
1.10576116757
1.14757540804
1.12652790465
1.5
0.281870992701
1.31730335339
0.771315840946
1.5
0.713032748157
0.878397762256
0.635274801616
1.5
0.603718773017
0.349116222225
1.5
1.33333333333
1.06349038075
0.320654285349
1.5
1.5
1.2421177681
0.717729612237
0.656463544728
1.33333333333
0.533394419393
1.15459499137
1.5
0.803227186547
0.706383008411
0.767315827754
1.5
1.10129034486
0.441909666456
1.13564324042
1.5
1.5
0.318135813535
0.681577331827
0.63392409679
1.5
0.370681294288
0.980373672206
0.993851443604
1.33333333333
0.69170392583
0.771315840946
1.5
1.33333333333
0.178749795301
1.12199048948
1.17665045775
1.22383594327
0.51823488682
1.5
1.5
1.5
0.377332629442
1.5
1.5
1.33333333333
0.420829954731
0.390345822778
1.5
1.33333333333
0.407533223868
0.975860590699
1.12851188108
1.5
0.367987329361
1.5
1.5
1.5
0.320281940656
0.763612540216
0.852463662027
1.5
0.711659606756
0.765202830271
1.17757774202
1.5
0.426569646064
1.5
1.5
1.33333333333
0.412811729446
1.07790014317
1.11672084957
1.10910668477
0.765265275363
0.796020618909
0.609533941672
1.5
1.5
1.05239477326
0.771315840946
1.5
0.481970409267
0.753550719643
1.5
1.25
0.59881673428
0.736023258381
1.5
1.12592275597
1.19661270327
1.07026823928
1.5
1.5
1.24018787292
1.15459499137
1.03536245023
1.33333333333
0.731603412495
1.5
1.11672084957
1.03030422691
1.22832380342
0.748014632187
0.283857189951
1.5
0.31953028997
1.5
1.10235716622
1.25
0.837403546843
0.743635318964
1.13726077945
1.5
0.145000673785
1.0778931515
0.771315840946
1.5
0.369300249282
1.18212152838
1.5
1.5
0.819537168326
0.719638286745
0.771315840946
1.33333333333
0.325223628244
0.702297095263
1.5
1.5
0.868067520531
1.20124800021
0.771315840946
1.5
0.885266860796
0.585386589968
0.834782452197
1.5
0.224526561435
1.11353068881
1.12592275597
1.5
0.192770752981
0.761367796085
1.5
1.17971546257
0.905231825729
1.5
1.16985058248
1.07173365709
0.426911398521
0.334903312053
1.5
1.22383594327
1.06790429852
0.963623665488
1.5
0.587709580179
0.69509506008
1.17122418134
1.11672084957
1.5
0.904904194268
0.859191925669
1.5
1.16672393169
0.478001122762
0.722740519559
0.771315840946
1.5
0.843236805517
0.542546668366
1.5
1.5
0.664330767433
0.562397874369
0.810190101858
1.5
1.5
0.826389048441
0.905495586352
1.5
0.382820975559
0.92608484176
0.810481687703
1.33333333333
0.272103647974
0.737531931911
0.771315840946
1.33333333333
0.7845658261
0.884918125455
1.22383594327
1.5
0.721603099001
0.873864347335
1.5
1.14033401468
0.506412830629
1.11022826608
0.838909381408
1.5
0.749227041098
1.26529567917
1.5
1.5
1.23585144257
1.17287929435
1.5
1.5
0.74287711061
0.875531472434
1.5
1.5
0.739736172348
1.5
0.852463662027
1.5
0.634868345528
1.36929013462
1.07778308884
1.33333333333
1.18094275007
1.07778308884
1.5
1.5
