0.23653541456
0.756369514854
0.758515072669
0.606151861742
0.904951324307
0.47647140373
0.486956396358
0.777914885441
0.62834540463
0.842768481168
0.471411429838
0.30782279125
0.724766806539
0.893649852042
0.612070977913
0.476211785468
0.43132596986
0.518547856093
0.860050899549
0.695772221672
0.467485843365
0.443449452054
0.670239464284
0.618853303531
0.900112352046
0.507447715395
0.363401577146
0.707158298434
0.81645810528
0.964396165891
0.387148861339
0.382481577561
0.61949326038
0.655336658674
0.740874844885
0.274965657736
0.540809496952
0.49065768696
0.91901686126
0.859577197469
0.487513304116
0.636580516036
0.700710534214
0.761556788638
0.816485587447
0.585036864843
0.592585404506
0.610708278596
0.861381794379
0.902094298954
0.538659962613
0.591727629242
0.765087020162
0.753976363101
0.830674781842
0.337304325641
0.749367235354
0.750239712561
0.887985482439
0.854325664631
0.242686946748
0.601413111834
0.754239503819
0.861003454094
0.797708456212
0.500992557368
0.622828473188
0.408722223295
0.821181865067
0.875899251391
0.462314016081
0.531827830875
0.697503440954
0.740038195596
0.863683216357
0.401837739148
0.541218208832
0.642113632211
0.77522244035
0.824660265924
0.194038362615
0.515683423607
0.879246302164
0.893384569747
0.462943813015
0.567100755508
0.372410286516
0.681347317842
0.814002587799
0.709803257075
0.19417527641
0.415898190821
0.834617255772
0.731756038702
0.840847850955
0.29795951104
0.713830872257
0.695126673931
0.838754332547
0.894900680972
0.201756726562
0.809481928706
0.356194820724
0.841717285514
0.82518055928
0.454443951602
0.453773580953
0.537396268839
0.907508410369
0.888886718045
0.618261657071
0.39090902285
0.765369019033
0.705951762409
0.870359750977
0.536734380331
0.0893137122554
0.582411886894
0.76256497998
0.745272443636
0.31760189633
0.789385694626
0.573917126025
0.768126540929
0.934027115391
0.341474036649
0.476275790603
0.80721179318
0.75283589063
0.830525803738
0.419636123378
0.666430497679
0.858932818767
0.745889972769
0.880068713126
0.543925587755
0.571155545508
0.792042619211
0.838793155505
0.758869773295
0.630984735937
0.610234018837
0.692827627236
0.794907626589
0.842005341214
0.339834936095
0.8810700292
0.707928644936
0.90835256218
0.91733798227
0.307847556152
0.295039383711
0.685713815558
0.820346532759
0.698727979093
0.24838723109
0.664647004826
0.59601507127
0.727146853634
0.869588329724
0.660198601478
0.406434069091
0.585757356499
0.910930624433
0.844787306859
0.401938593732
0.77432056794
0.764484430629
0.863098368655
0.914974955003
0.43307015812
0.614032590168
0.658957647479
0.869482335158
0.827321213322
0.3796093414
0.467863475834
0.815176615042
0.809884218166
0.954544961288
0.632799251971
0.457623595864
0.784133344489
0.731221874314
0.923544497243
0.312281088378
0.572270951229
0.776368135591
0.851992572039
0.819395315882
0.32382648352
0.56798514252
0.793515316209
0.746604323852
0.828287030709
0.578226128025
0.41223381668
0.729333346956
0.839767182946
0.871727323909
0.574617034727
0.205680579436
0.642111587279
0.827234028164
0.875596603374
0.465783350028
0.563348284889
0.703022304154
0.756829205473
0.885113906303
0.378644608979
0.767331830676
0.60795185009
0.766021153352
0.887743554274
0.526803132994
0.556142310781
0.830259811341
0.820867582852
0.766699886864
0.468569685543
0.762691499993
0.822413313472
0.849883078542
0.584178149035
0.404740219894
0.465257178193
0.724087491203
0.917905879319
0.840188858917
0.211937868704
0.4152940876
0.629982942813
0.804396640146
0.948752840782
0.490827324157
0.339753998285
0.692764366197
0.861710581931
0.885471077188
0.663425124527
0.252814304076
0.850418048404
0.608465641642
0.825254480396
0.45259075343
0.369702874229
0.754952597141
0.80757758164
0.873119291263
0.602503584296
0.613066683774
0.905179423027
0.828314021549
0.615868116228
0.404699362267
0.791609226735
0.552371925752
0.888795803647
0.859372741085
0.23170966818
0.495079672126
0.716634894908
0.600111409467
0.812134017592
0.442180012184
0.447153594852
0.731202297958
0.880469097916
0.928025401887
0.350690254302
0.689919059565
0.772820715153
0.856554023851
0.632637263459
0.347715926965
0.414028841627
0.712792363117
0.837714477108
0.869761932882
0.576553781299
0.555546892661
0.697559025742
0.550770991359
0.82451132195
0.322610602206
0.760277100661
0.863062437575
0.629706980213
0.836453482124
0.547930251832
0.297534791229
0.457946900642
0.838639505757
0.89631883873
0.213233323088
0.144078864099
0.703144459529
0.738340661417
0.860707952901
0.65409628833
0.705421723266
0.681989537379
0.715839072117
0.868496260851
0.560286272715
0.551675049436
0.637259484684
0.765185830874
0.888247383996
0.403435064619
0.276165871523
0.698183406715
0.802023837197
0.774181322953
0.36283245474
0.763817190236
0.741336087376
0.785213221813
0.82178318187
0.692759088697
0.865063965899
0.529868376651
0.819592232541
1.0
0.219279430562
0.629479726838
0.711852880515
0.611305937971
0.756916467095
0.305024380674
0.67410959107
0.643765397862
0.79134592662
0.838993670879
0.511298097175
0.487881553657
0.716013270732
0.875044756505
0.871086541803
0.308762292057
0.656974058707
0.867167709885
0.505475304546
0.80148427045
0.268976399033
0.757221798538
0.668243568457
0.807832665727
0.941766199744
0.276015656114
0.416211562715
0.698494583282
0.689146144933
0.897714151333
0.267624456581
0.676713702218
0.77267320769
0.800059236334
0.929641390623
0.244195292128
0.52645198807
0.790393971347
0.839853614856
0.866753554577
0.251963110156
0.626357554454
0.636128435278
0.747190812325
0.87143740969
0.603034330496
0.675893426321
0.612767453575
0.914679913941
0.892403226713
0.464690918809
0.473250079263
0.682455450992
0.703196422027
0.867819898748
0.181293444078
0.730112755953
0.596652289897
0.854009282144
0.830426206123
0.399132661101
0.615774564018
0.64521855923
0.790080906806
0.887832130335
0.3555485965
0.161125383401
0.807082554241
0.794728458057
0.923778750894
0.164929028211
0.620094081096
0.581613910215
0.781336290322
0.930233398074
0.259197396397
0.693020510719
0.798566939788
0.793739301105
0.851341466267
0.273009726975
0.623488843367
0.716643438315
0.865090731871
0.864459458902
0.652670569185
0.750661481844
0.797134927523
0.83393544214
0.935050703408
0.30347162629
0.684808905352
0.549007001731
0.901125112835
0.938914465241
0.514984866489
0.68944472153
0.797998671864
0.895051516585
0.795152161783
0.443480174303
0.608335457841
0.837101987761
0.834590854698
0.705377226124
0.646809598842
0.181011496277
0.504213496713
0.90975396065
0.760303108493
0.346503300406
0.431830646496
0.778135889452
0.447847916128
0.853201422405
0.743122632082
0.719884610592
0.630895803228
0.850114154136
0.925793180634
0.568561354108
0.38051827485
0.678143739865
0.683101299797
0.889560383309
0.575833229468
0.631891793256
0.598853083338
0.768554990272
0.662576347864
0.244585320411
0.603641129458
0.565240839699
0.81900219394
0.848879888006
0.490051231986
0.660025240626
0.593684947495
0.623546089419
0.826969532869
0.442296204416
0.528949195701
0.88151379269
0.83159252539
0.835268550712
0.745303744462
0.720420016519
0.782436740199
0.90565340792
0.716790748962
0.68198150618
0.722624437808
0.757939079442
0.896130702595
0.829989576894
0.246538705442
0.624031372007
0.651551297723
0.773928303929
0.920119722691
0.241727419598
0.766665955215
0.769700694067
0.760746076399
0.790318882151
0.481281776257
0.86336038781
0.702121020348
0.735787624388
0.827479924848
0.387214423302
0.439073559444
0.551595676505
0.930363081654
0.871693270411
0.602965412235
0.600993962303
0.800239449007
0.836474100126
0.850378156628
0.189415077724
0.843391997118
0.813925883654
0.784954682308
0.884003367345
0.568665131359
0.56688957793
0.687300861999
0.751287604545
0.915072404264
0.140615135144
0.728830590002
0.489305948541
0.818530327438
0.796305209476
0.46454787931
0.751318493293
0.832336165043
0.787593337463
0.857830586747
0.524620937596
0.643769870852
0.826673577081
0.783254151412
0.606089381684
0.261469337785
0.807062484667
0.70762710886
0.720693136511
1.0
0.366420702297
0.516644212542
0.711881164238
0.649294413841
0.767154263731
0.522681898369
0.742998019187
0.718623802964
0.915645220061
0.923135155539
0.475915650413
0.344874343641
0.652078320866
0.681207703403
0.85598649338
0.270881881623
0.84058962263
0.693110201723
0.815105075489
0.88907473779
0.407976438811
0.716807405804
0.660279106724
0.887639238534
0.721389494258
0.719203658171
0.568585199246
0.715086813232
0.86425371059
0.712083556194
0.547473315215
0.449946093726
0.64555956069
0.838101933199
0.788923513531
0.530423048314
0.434464063212
0.574030936297
0.721622104005
0.836591322048
0.527193932766
0.644997376618
0.741208802582
0.814576326143
0.935315464274
0.480056775625
0.640779249164
0.395884996221
0.651096737265
0.824485506052
0.182105201876
0.400854560191
0.765220847525
0.780939496005
0.554063351518
0.650894746758
0.621280654183
0.730219954125
0.645948989295
0.893655793334
0.580722622045
0.497842358766
0.800491270929
0.884844055767
0.786812340052
0.529945328717
0.594454635163
0.826342159069
0.818121971306
0.7589599603
0.608116731782
0.514396737857
0.648434607937
0.898511420885
0.89449365041
0.55606772992
0.485282223052
0.757049475539
0.815712714708
0.859806604646
0.564100804077
0.755588716768
0.665244625028
0.812742851051
0.86182665295
0.260464009627
0.797362361616
0.668820065893
0.802337006503
0.78332798349
0.421980278819
0.62220429864
0.518384482392
0.819451955293
0.804272101537
0.153634904307
0.547327614577
0.671460075855
0.569445520976
0.831053984401
0.420763741329
0.41424550452
0.810739217432
0.482465025003
0.926183886321
0.471261330774
0.317232283686
0.776477452237
0.789038122247
0.883655531857
0.258344150392
0.755404541138
0.797070643312
0.825900028226
0.89241219739
0.451123302294
0.596535730583
0.52177661171
0.793734738129
0.839627466927
0.249076098413
0.541179024267
0.87157058754
0.744410015229
0.846203372115
0.259098748282
0.621221611164
0.801061634057
0.850379609369
0.828984226278
0.481560176089
0.685126043859
0.802897961001
0.880964093806
0.75112798061
0.1973994522
0.816821231807
0.675040098872
0.932633580209
0.953978832133
0.349185257168
0.539005548992
0.648251584876
0.700739498566
0.915603970847
0.645538832672
0.388579048387
0.689552272839
0.760870031208
0.90565340792
0.483203620705
0.863003996469
0.844561024834
0.752110809369
0.951201999714
0.409901347188
0.522791424207
0.736492694576
0.784445915608
0.862469713807
0.702215422816
0.681627222557
0.775202292998
0.756283446818
0.784116783798
0.311545542985
0.725951106242
0.919686700641
0.779353869015
0.959739175902
0.379283727765
0.530985550527
0.742671351309
0.775631445508
0.729736644486
0.501423503814
0.398224932396
0.773726214583
0.767873980538
0.780383939188
0.297833730111
0.340709887843
0.498397682385
0.740570975749
0.85831024926
0.216330106591
0.648810334049
0.832187515299
0.804640248633
0.83162136344
0.440143700003
0.590363229434
0.822335557264
0.794093142601
0.810553826413
0.444369783734
0.458307483266
0.689020482452
0.847729145985
0.828021563382
0.50941176656
0.469641080572
0.739324738152
0.932304096308
0.94935230669
0.363197926961
0.731766887337
0.774986628194
0.712018246408
0.765160775047
0.459666151718
0.633882773434
0.825549253734
0.84764493333
0.794699837322
