0.254309449858
0.885742498228
1.11936331588
1.35949418673
1.5
0.476741847175
0.326113079598
0.472494161265
0.992090187754
1.16244701655
0.307913695414
0.617765201477
1.26597604432
1.11416190171
0.863073668911
0.256088801104
0.546448905368
1.09115563829
1.5
1.5
0.386070670181
0.216434720822
0.694568986564
1.13090130217
1.5
0.474399750657
1.03824421098
1.5
1.33333333333
0.49668147524
0.323553970798
0.712032870669
0.633867841684
1.02230904111
1.5
0.045868842425
0.560064716585
0.711735655543
1.33333333333
1.5
0.417407671431
0.89514347975
1.36183828049
1.33333333333
1.33333333333
0.533293829899
0.713271626786
1.5
1.5
1.10231915404
0.323984099535
0.557455382971
0.769205618769
1.25426399413
0.55094289707
0.554670932779
0.933324013837
1.00677446337
1.33333333333
1.33333333333
0.229415341657
0.216842462548
1.03713328496
1.5
1.33333333333
0.434745260555
1.00172146972
0.395639604249
1.5
0.667062501234
0.723023709695
0.914960223175
0.956271904649
0.628635462816
1.5
0.486851911733
1.07684509034
0.648627270037
1.06708653666
1.5
0.231017823359
0.765333880701
1.33333333333
1.25
1.23524295824
1.07108733497
0.189575833201
0.890071775079
0.551559947164
1.5
0.361567530337
0.364694785933
1.072616762
1.05714600308
1.33333333333
0.418604586234
0.85413798299
0.811984742088
1.33333333333
1.33333333333
0.270043794689
1.5
0.637411189661
1.16244701655
1.5
0.367199149725
0.348047997165
0.713088081261
1.33333333333
1.33333333333
0.267473847911
0.627953328485
0.346669387073
0.874359435312
1.5
0.27956226402
0.373435956321
1.24289497989
1.14396704957
1.23400375982
0.126045256228
0.963408443996
0.574572076598
0.677089195106
1.5
0.223011226062
1.03924550342
1.5
0.714224330236
1.33333333333
0.765715295836
0.780841828428
0.593196331872
1.04498749267
1.33333333333
0.752077560968
0.834130676806
0.66166439078
0.38090205798
0.729004492452
0.578740518643
0.757024886971
0.829182778996
1.5
1.5
0.297257235799
0.24414419024
0.659865018469
0.879453109845
1.33333333333
0.433246893119
0.195344715052
0.29796746846
0.714222971649
1.11634065357
0.199322128845
0.623622743284
1.24603058134
0.422494724508
1.5
1.22832380342
0.19128653852
0.532993737299
1.2120135234
0.656210391802
0.73484473234
0.632825389882
0.85501575182
1.16244701655
1.33333333333
0.320174138288
0.534483506272
0.898329047547
0.86460382605
1.5
0.308143004679
0.678049904269
0.513237501997
1.10142226125
1.33333333333
0.341964914188
0.309357665707
0.600137007404
0.64202815927
1.5
0.44881978367
0.86853089515
0.739110594914
1.33333333333
0.548627690373
0.351794854448
0.471719052817
0.682335639431
0.223246588338
1.5
0.588637800479
0.211440435857
0.571046411748
1.5
1.33333333333
0.319603680947
0.207860070066
1.26421682768
0.879400734576
1.27146481695
0.547028459204
0.581977825229
0.880478873607
0.810540013884
1.33333333333
0.443484393584
0.304209483039
0.86853089515
1.5
1.5
0.651374127459
0.885082363434
1.33333333333
0.722895242006
1.5
0.763667364929
1.33333333333
1.5
1.25
0.527471406054
0.53647811715
0.747986045785
1.16128365529
0.870521033448
0.761109234431
0.219771290045
0.35421446965
0.369634752624
0.713623172958
1.2
0.38415253926
0.140300839321
0.758688764207
0.867653954808
0.852432175637
0.181707846624
0.350171639005
1.5
1.35460255253
0.859413377741
0.422612444495
0.170935548586
0.965886039243
1.0734690702
1.33333333333
0.320371547854
0.883880661436
1.25
0.93957862433
1.21975853374
0.356488342715
1.5
0.783818907117
1.5
1.5
0.330591142253
0.647163153432
0.734345354456
0.900589539684
1.5
0.349272123356
0.294873401776
0.828320004925
1.5
1.33333333333
0.263141414674
0.963662927334
1.10463527178
1.5
1.5
0.506312109519
0.399423245603
0.6002328955
1.5
1.33908899366
1.10238763546
0.288055206798
0.921571038466
0.58277704257
1.5
0.32743861548
1.0350431999
0.235610063544
1.06703879372
1.5
0.217008094288
0.730889695511
0.653872089462
1.5
0.768434563148
0.134560476411
0.333498193251
1.25138640738
0.57987343053
0.932195297233
0.675851329315
1.12086277963
0.552024966568
1.33333333333
1.5
0.769066833489
0.490564160563
0.730863739859
1.26757366868
0.856683832844
0.318940052042
0.222824198469
1.23501966569
1.08175902136
1.5
0.337499185877
0.952069236176
1.05727875648
0.783309796187
1.33333333333
0.768953825592
0.699861667586
1.31814397229
1.5
1.07743609864
0.178408324763
0.688753475376
1.0444332089
1.10513822328
0.836279842733
0.496600590588
1.09279836617
0.539028483915
1.33333333333
1.5
0.841325357591
0.508037596433
1.25604428815
1.227745362
1.5
0.370884029143
0.722038128694
1.25
0.771411290138
1.23659295351
0.270630089829
1.5
1.17986771778
1.0986854934
1.5
0.262608987584
0.493535587928
0.67465709185
1.21104410368
1.5
0.310003150097
0.562677071415
1.33333333333
1.5
1.33333333333
0.313839713812
0.207063712835
0.763619772322
1.25
0.61546393386
0.193759115025
0.382935861381
0.595317394134
1.34086300829
1.2471574409
0.120231355128
1.20413157218
0.74614576812
0.705150868664
0.926325161722
0.752216121145
0.20278357329
0.489244225043
1.5
1.5
0.364179078862
0.982624218929
0.162284225081
1.5
1.33333333333
0.270076366849
0.515960706799
0.730881259062
1.1450265402
0.654336541598
0.33641538893
0.182695378503
0.487542806148
1.13665228301
1.33333333333
0.293680994068
0.360328056556
0.687386969761
1.11392705725
1.2
0.371348943044
1.05704793388
1.5
0.783309796187
1.33333333333
0.282377795624
0.400550291581
0.305526688874
1.33333333333
0.783309796187
0.669462859022
0.122784099205
0.586804304164
1.5
1.5
0.259906317947
0.611882195182
0.881725886518
1.5
1.5
0.61670725717
0.405404693015
0.533006018699
0.876494112202
1.13392827112
0.745867938085
0.19624348075
0.474836756836
1.10146371998
1.33333333333
0.409457182054
0.102856642689
0.789493202501
1.33333333333
1.33333333333
0.319298528574
0.265160331932
0.442997430547
0.77558406684
1.5
1.00531574975
0.203762220987
0.470941672805
0.686392124058
1.5
0.483433655102
0.39892965956
0.895664091926
0.658106218862
1.5
0.69351283897
1.20831482924
0.312683800762
1.5
0.671416851234
0.291235561336
0.336328878854
0.127088156968
1.26655501956
1.33333333333
0.977302812506
0.210389359734
0.476052140874
0.794614743973
1.2
0.149696297967
0.839560905055
0.933431273397
1.33333333333
1.5
1.25533142575
0.242202092463
1.33333333333
1.16244701655
0.985199873646
0.180113899724
1.33333333333
1.5
1.33333333333
1.5
0.323819245163
0.370952669668
0.659905818009
0.768149888165
1.33333333333
0.319456087785
0.469914642133
1.10463090412
1.5
1.5
0.56396780403
1.02726398816
1.137988604
0.274914907906
1.33333333333
0.24966872481
0.731322015554
0.368805214191
1.5
1.5
0.297921796581
0.374074510289
0.730670860186
0.845413173202
0.759525242918
0.192424898027
1.33333333333
0.740652426105
1.07848019116
1.33333333333
0.292898782322
0.756157864559
0.998126023047
0.853318254702
1.33333333333
0.140663664048
0.888013330552
0.633057406038
1.5
1.5
0.559665531323
0.407428459709
1.08310517386
0.796666869664
0.79898869554
0.490889236072
0.326687593125
0.756972427256
0.705971570248
1.15741457409
0.623797775436
0.516374054262
0.735182432127
1.5
1.33333333333
0.391337964383
0.770491361804
1.16244701655
0.915473896258
1.5
0.234613450817
0.260342849231
1.24882588047
1.5
1.5
0.451504256313
0.451219557792
0.453937834033
0.7569145513
1.33333333333
0.183292760358
1.07917952742
0.448148566451
0.556670215096
1.33333333333
0.458313978041
0.859686580455
1.11541305059
1.12113069185
1.5
0.934822035169
0.704196077019
1.23278621596
1.33333333333
1.5
0.213448688246
0.617802935519
0.788098481406
1.5
1.5
0.286603852767
0.399725173761
0.220820322542
0.273639822482
1.33333333333
0.396870411583
0.432743384736
0.305477138366
0.945008630378
1.2
0.438311336301
0.693656837808
0.415249903973
1.5
1.33333333333
0.141336017797
0.823822837122
1.04947804447
1.5
1.06049235927
0.415656962791
0.493314298907
0.252639228063
0.984759071882
1.18369681813
0.385821740373
0.654665862368
0.220948633374
1.17114285908
1.33333333333
0.335091879209
0.554777224388
0.538446685042
1.36769031245
0.773230614268
0.57382423791
0.348741479705
0.728744160695
0.79088483063
0.696969233655
0.409430731088
0.514452093665
0.0829421718248
1.5
1.5
0.285063152315
0.473272722821
1.5
0.765452496299
1.10932112233
0.294171265202
1.20289656399
0.803966268006
0.93006576984
0.968346463153
0.217866108694
0.877165992336
0.449572931303
1.5
1.12576661073
0.281769491579
0.520934345775
0.893810788372
0.764852135918
1.13573240848
0.481580194454
0.249896407316
1.5
0.279481747109
1.5
0.196491117792
0.293759283834
1.5
0.931234166031
1.25
0.190542082703
0.861386768404
0.411703286404
0.766802575661
1.06713247091
0.247871878638
0.356267592026
0.6957591077
1.5
1.33333333333
0.154259317351
0.108272219556
1.07735955013
0.665241743563
0.899041613332
0.417754068389
0.279347567833
0.850602314915
0.739421454442
1.5
0.270938697806
0.810302630987
0.518442514406
1.05139228
1.11623536129
0.197189193975
0.820581909291
0.788495378715
1.10171965568
1.33333333333
0.468924649141
0.427082699244
1.16767492303
1.33333333333
1.5
1.24236489255
0.623977862728
1.28227277185
1.06908894652
1.16244701655
0.723142094497
1.5
1.33333333333
0.755401221672
0.873078689094
0.650010600332
1.04644994255
0.846666231996
1.141610921
1.33333333333
0.347742266834
0.652290046788
0.703884513375
1.3678172607
1.5
0.427160852025
1.01458027252
1.33333333333
0.956046579827
1.33333333333
0.313409887006
0.596958798136
0.414302526009
0.583283440912
1.33333333333
0.382580194499
0.557201114544
0.786458186786
0.761095738362
1.11125981824
0.271185291817
0.465105948036
0.433142976387
1.33333333333
1.08178607173
0.313644825546
0.485359778631
0.519218876477
1.5
1.5
0.40242116995
0.559588271686
0.762714909355
0.753965731179
1.33139748691
0.267801847927
0.493547809334
0.266629223841
0.343411665893
1.5
0.952761176721
0.45982277996
1.12978910032
1.05486165199
1.33333333333
0.34625713559
1.5
1.5
1.5
1.5
0.298601917809
0.850363577402
0.83357152295
1.5
1.07935216416
