0.578684170193
0.999999945381
0.706633438753
0.388043935803
1.00000005208
0.884565667861
0.595961671875
0.765974379105
0.822161031531
0.677042297463
0.865337090504
0.810282736075
0.449115696052
0.830057356989
0.917674859892
0.605751829886
0.806547902562
0.937020769802
0.656863695915
0.79987191605
0.801794058876
0.793870736884
0.806473964043
0.889765890634
0.799226874093
0.677781210891
0.723263911004
0.703244989671
0.718053270045
0.999999995518
0.824179896182
0.659304473384
0.813799891085
0.82074893574
1.00000009886
1.0000000293
0.233327919598
0.625719605757
1.00000008502
0.665910271762
0.968387629736
0.922438682415
0.751106258305
0.695053449781
0.902727645688
0.69257425035
0.76994533648
0.911881936226
0.674864712026
0.418294439205
0.772089176337
0.782630520279
0.767863164903
0.873172871312
0.432313038352
0.880723274676
0.840978962755
0.494228965255
0.711296728705
0.760290298932
0.713307314172
0.832792704034
0.866209489263
0.999999993768
0.804714870072
0.840978962755
0.754193034693
0.669126630348
0.771758025967
0.695285027692
0.781440163635
0.561289802697
0.871951795345
0.751875968232
0.790733823134
0.585070887376
1.00000005609
1.00000000575
0.539014169259
0.922452559236
0.794283196697
0.820883484598
0.869644730712
0.841543748679
0.638464120306
0.780438137395
0.902048220071
0.466737370777
0.92011306428
0.857670365138
0.651469525199
0.652483845239
0.869992156206
0.640471717504
0.88446435577
0.9162156321
0.867765632455
0.809493658125
0.864643950513
0.480818462941
0.770047727751
1.00000003457
0.416256718295
0.693764704452
1.00000000697
0.781652729386
0.637392329197
0.822939844552
0.691791904054
0.765638576886
0.877987267373
0.880460424857
0.572699615548
0.840610726521
0.826862311073
0.779949138336
0.726982685548
0.714329165485
0.725785097649
0.830051102451
0.600741142655
0.843335113074
0.933245376973
0.116110407497
0.715416351746
0.632101852867
0.723382171476
0.661792616289
0.964002046726
0.720932177905
0.754026822025
1.00000002846
0.452969815611
0.894843834202
0.836805019474
0.622217321513
0.841741686354
0.788695959445
0.608611272678
0.509594954993
0.958399870832
0.701645448629
0.164784418189
0.851405940946
1.00000006379
0.73107874604
0.919094412208
0.517739281227
0.7469697908
0.8702427282
0.585666294575
0.968351348516
0.920466336539
0.587441049185
0.572385066701
1.00000002234
0.625277349607
0.91982540605
1.00000000681
0.478427352343
0.642472468392
1.00000005756
0.538941126904
0.761279082832
0.796927260137
0.389887287955
0.825857419394
0.999999980082
0.950063810898
0.784392345369
0.727422016832
0.782858960077
0.829950123487
0.772270264489
0.410010641869
0.610412879762
0.834905926421
0.641597949241
1.00000001906
0.803302280209
0.497970262779
0.880241448962
0.921792278677
0.678079548738
0.887238186661
0.92994567375
0.95759655518
0.779299619538
0.692523048804
0.588586786304
0.716615685056
1.00000002909
0.484293292243
0.927421488353
0.849460140765
0.0661536635154
0.867954810271
0.816382433412
0.475717794286
0.806012172392
0.735127244067
0.443923756411
0.786983606458
0.878638617538
0.624579264989
0.687645414354
0.958643037934
0.384032671729
0.867298390601
0.999999953487
0.372075676337
0.838477178738
1.00000012171
0.383361570904
0.716265635892
0.693857213315
0.520413200751
0.782461443419
0.894383444238
0.583310532333
0.816153225884
0.913884133478
0.595700343864
1.00000006795
1.00000005574
0.548136022233
0.625201945342
0.942427868141
0.446198756039
0.86919649424
0.885628411847
0.673476386795
0.797097713298
0.818592565246
0.768856520608
0.654372884993
0.533302845071
0.68714207527
0.765960104659
0.771825835374
0.571449362925
0.579058838811
0.999999952762
0.850154713943
0.684830793193
0.985660038693
0.418374378613
0.667448913661
0.541731303175
0.971352395914
0.481756366363
0.806418323959
0.735837905236
0.954896623966
0.876662040085
0.784423374924
0.71637324816
0.752929154818
0.589767789803
0.813568302194
0.60950089696
0.826309999531
0.6779302937
0.795566391314
0.57814715662
0.771837679644
0.375547457591
0.727981936777
0.179441982606
0.801480663213
0.72236623846
0.933702218013
0.736454444682
0.890422958085
0.58924705229
0.840166833741
0.161486670289
0.693602229829
0.438833856181
0.758485624058
0.651952840574
0.696679854835
0.275141454958
0.721755137221
0.8567732841
1.00000006093
0.74576057958
0.907317949175
0.686789767922
0.0950525864125
0.79645449591
1.00000008458
0.609073313847
1.00000000242
0.71320183181
0.617088492041
0.515693769079
0.804606946821
0.648771304041
0.402751121388
