0.849344024963
0.870854043917
0.538385345508
0.805226603707
1.00000014859
0.385155232654
0.842878687206
0.454694807625
0.839402023298
0.661605665426
0.561343423496
0.625250269495
1.00000002629
0.731701954026
0.925171601787
0.949892839768
0.667353864067
0.392781360699
0.831627530428
0.73098228263
0.549332785402
0.710663695016
0.830189642079
0.640142658544
0.463401684079
0.871336237693
0.740264089538
0.622361133132
0.651862254127
0.400893486102
0.732482259498
0.575698031892
0.835507136395
0.522331038676
0.347705286917
0.834678511065
0.730160512198
0.598869057858
0.955602994461
0.470044251168
0.790848983583
1.00000011937
0.7205020397
0.598782652424
0.401617627428
0.628283389286
0.526845432947
0.627435910413
0.448214057305
0.881614143085
0.442255211335
0.623276884354
0.85719344942
0.536382686265
0.612317912145
0.713878591168
0.466614107541
0.663936454987
0.668198447458
0.550224394881
0.600908966197
0.632975908735
0.849500947199
0.770583819395
0.73272220568
0.766383809053
0.601975334601
0.594265701907
0.616975383139
0.34012440882
0.505301892363
0.623757857638
0.77916535503
0.764119937202
0.674480873054
0.807704323267
0.824247106946
0.735469123858
0.666953846612
0.375087967352
0.999999987555
0.745996472253
0.933786288177
0.402380192981
0.778994705614
0.430226903293
0.816976317999
0.655005760557
0.6723308135
0.632404091018
0.45990771169
0.726480831707
0.613802054396
0.573558105769
0.794730808647
0.681491015482
0.782125075302
0.534341463792
1.00000003278
0.597194618572
0.459696679342
0.590196798934
0.699660978571
0.801949599405
0.301982056628
0.896852660069
0.385953187214
0.805915920533
0.432897273016
0.749145682905
0.638949384506
0.700735591603
0.732821209679
0.999999994106
0.76511901862
0.870322934938
0.336933362577
0.841512868769
0.618819679003
0.754634142464
0.799829464936
0.770175450858
0.770175450858
0.835896925946
0.629903258105
0.395980758692
0.448927801449
0.647002792226
0.507244908977
0.298716731571
0.710878396123
1.00000008479
0.421190881259
0.679517361239
0.820827617115
0.643382581686
0.903401495942
0.797499613301
0.517520526029
0.536560174153
0.55343274052
0.68654330382
0.529492116825
0.722252529133
0.779769893922
0.682267367079
0.512534923694
0.693790645624
0.774142373398
0.464570178626
0.603436498785
0.935595858944
0.614438988914
0.715990291431
1.00000007875
0.652531566992
0.938108632909
0.584833854956
0.539192567841
0.673227410179
0.642861669447
0.422282838331
0.861935898402
0.59428655494
0.999999924671
0.111487862367
0.829943450819
0.746383279503
0.723309810591
0.773483932332
0.430417711998
0.570042732462
0.440724765523
0.725569011855
0.590344864483
0.495571957976
0.764024015079
0.568402939305
0.281454279648
0.815520745975
0.886724896125
0.578213529551
0.944351427435
0.706080630845
0.81945258158
0.999999987696
0.930058725883
0.774142373398
0.541203236385
0.81558956127
0.868657856514
0.836401768628
0.388556948273
0.824398213327
0.398176720864
0.784488384919
0.513371666733
0.591435308661
0.771461596365
0.877244947797
0.312171672569
0.429150849626
0.445752664074
1.00000000945
0.60791313576
0.710362063063
0.662223301112
0.740903801658
0.398016691235
0.480619465394
1.00000002137
0.666078693226
0.42279572191
0.908009528353
0.463078295629
0.504436741825
0.560717891285
0.712176336811
0.622265026373
0.611680979926
0.437104888778
0.6152771914
0.358180706632
0.62460776947
0.499941329912
0.655214210307
0.800704412867
0.830514576892
0.830411999487
0.648560379801
0.86255132656
0.402636538302
0.593917770656
0.917703465822
0.719924138723
0.783354180532
0.780696925766
0.78179360831
0.856961176878
0.67070894857
0.79658131961
0.682747190177
0.497179687501
0.481380334744
0.757945686892
0.213296771154
0.933936023595
0.884895693263
0.8159072114
0.523343998272
0.838864232766
0.705430288778
0.36453262851
0.61725818838
0.774505939521
0.75104748053
0.763859550237
0.780012134849
0.780861090822
0.612104337839
0.641369224459
0.782238928022
0.641532220021
0.593452388901
0.524606960017
0.480847944898
0.31955463975
0.634374753099
0.560337773457
0.999999950956
0.598178488212
0.327933230112
0.670225066516
0.906464428817
0.82841187584
0.527301251866
0.176945456323
0.71550636686
0.513515027461
0.493477435225
0.691533176394
0.83933862783
0.830483261136
0.566682103875
0.766133662099
0.487100414582
0.903447898808
0.7064225917
0.798162182551
0.786083736705
0.746938469633
0.598674458254
0.715307562834
0.250782437604
0.776926578611
0.463332357316
0.914171789165
0.512616925562
0.283708758768
0.414121690458
0.741567982188
0.60614812815
0.786051978675
0.8640611869
0.829712270641
0.532897111556
0.717469118976
1.00000003442
0.307787572423
0.786046641542
1.00000004022
0.548043979626
0.737734378685
0.90716281166
0.570765305381
0.726764631296
0.512128602812
0.720338663303
0.727656352915
0.764033943607
0.608644777939
0.791744320864
0.732869164979
0.771997816888
0.8796658644
0.810002626047
0.347889591833
0.373404519454
0.588619271135
0.660034475587
0.829669878106
0.537003290296
0.801166066705
0.369215422779
0.784615294629
0.779896517858
0.462143405226
0.695372229743
0.786657094018
0.727192835561
0.403436900534
0.768035653751
0.546432596588
0.696361470771
0.455127292113
0.604778558419
0.639612604925
0.341731393396
0.83843582707
0.443601496722
0.647219920308
0.881901739016
0.482466172388
0.999999935421
0.581197851905
0.589528210143
0.402914988476
0.867783107512
0.769617733623
0.529313989743
0.486324010637
0.714721148967
0.899683095433
0.731953186272
0.405269762414
0.806815755088
0.649533429025
0.631162968198
0.585641735302
0.732671867619
0.546254447386
0.825913630565
0.760002748524
0.641339590287
0.885500928318
0.909196924315
0.439937889437
0.651508375775
0.816562662377
0.577463861274
0.867853515813
0.540330368055
0.930298241651
0.615762622618
0.56464763924
0.900889230989
0.297510396481
0.699749956274
0.598863756571
0.840822265398
0.645683098879
0.943012905567
0.695452017614
0.66044021881
0.842406351562
0.347964060646
0.696053903257
0.35588239603
0.437358253043
0.447313807326
0.843957621454
0.815933842421
0.380023997571
0.738806982716
0.82391751462
0.928745873583
0.529710688756
0.389337049894
0.580624356175
0.460444370385
0.59770609653
0.84888814743
0.623417481182
0.626346978641
0.466130729819
0.853366660617
0.778795807769
0.872931936672
0.496088709502
0.798891511334
0.422184722201
0.677194930684
0.774906776109
0.963684918282
0.758176858227
0.786590662015
0.296979033079
0.574919206031
0.64361054994
0.748371309268
0.757597113219
0.608775867108
0.623387895032
0.62353981706
0.907761230607
0.219236430809
0.249672131558
0.578560918469
0.821671659083
0.478202543216
0.685021786781
0.595230808733
0.778726274966
0.661501450208
0.522252870316
0.489388885138
0.369460360813
0.895851471917
0.622483958174
0.408684451717
0.802254849012
0.790616536466
0.549288662895
0.630789102286
0.694593912304
0.833222112845
0.474775905281
0.443216354175
0.489518214363
0.659951797221
0.607155781564
0.843806415226
0.794558565363
0.556326554633
0.643020083982
0.569847443873
0.836463432546
0.937278538257
0.635203776047
0.920089181537
0.670870999681
0.828028083694
1.00000002785
0.829923399359
0.836463498108
0.790059591727
0.740944225711
0.553727679212
0.626053951566
0.958710000504
0.690503768176
0.676225526441
0.488650012891
0.5507665155
0.797395971795
0.719792068038
0.871579912415
0.509968173342
0.383817580212
0.901690980773
0.748383736983
0.563658786822
0.443970016548
0.387269403961
0.744939024955
0.709799384346
0.764122385739
0.615812911554
0.925171548696
0.517212166737
0.66880804581
0.763004772478
0.874760367467
0.573503825144
1.00000009736
0.679095659938
0.87813898635
0.432525479874
0.621578640031
0.777848281948
0.622144382021
0.774131763895
1.00000000268
0.675886996205
0.833713100939
0.600064888139
0.829480383814
0.688387412301
0.538299104093
0.574331747276
0.209324063547
0.570136893387
0.719792068038
0.594857117254
0.864958389755
0.862614070963
0.626917091364
0.541495879476
0.667270869577
0.873389335127
0.661734272667
0.833543742235
0.515906365575
0.82720184449
0.416409509779
0.718622284846
0.730619056882
0.797496723964
0.958710000504
1.00000000688
0.321115719566
0.842933014269
0.747419097581
0.579679469153
0.855310915614
0.877360723711
0.681136942434
0.899877585694
0.559137538436
0.460913737511
0.949892839768
0.605542898106
0.801313022295
0.798329659143
0.587607804301
0.38115951487
0.837830992282
0.674322912522
0.821436865832
0.907056003012
0.399611729664
0.429195789109
0.514307134589
0.566725678512
0.386495299733
0.43312062564
0.913146756698
0.777354726708
0.618471904421
0.673580876394
0.418254570606
0.601303190823
0.423452274829
0.651083154586
0.886741955218
0.469111373065
0.479850518271
1.0000000674
0.846933332108
0.728697955415
0.422787321231
0.710445919827
0.527116753672
0.860139064222
0.489417791223
0.931976261136
0.624846331978
0.782101620418
0.563843206192
0.47869258605
0.712215708349
0.69275265385
0.861790962791
0.380730505668
0.59969919613
0.879750826111
0.21370880286
0.870429004344
0.713459767161
0.902002343819
0.720041902411
0.737562674122
0.459745888456
0.99999994358
0.845115453663
0.626779818313
0.829923399359
0.853346357291
0.410286655709
0.715942020327
0.576234685795
0.757266921762
0.683893047003
0.904587584476
0.884153632899
0.726499054675
0.702935261563
0.600652106595
0.465173706308
0.960273095134
0.782009113818
0.66493171136
0.889612794874
0.793004926162
0.671630300294
0.782383330195
0.776299651044
0.591818391197
0.537013416749
0.962229054362
0.601746341119
0.780431113539
0.571588580314
0.670199191094
0.825058139048
0.624893041343
0.735091175639
0.811777554603
0.602424684587
0.943758512183
0.612816761555
0.955603110995
0.622972566751
0.577159371119
0.77444312517
0.513523281466
0.745014464441
0.688615030326
0.749850955712
0.662207396615
0.815748100206
0.264549758172
0.754043539836
0.631930293801
0.645686384664
0.91533367417
0.607479092066
0.801877555909
0.577408267125
0.764535816227
0.262225268422
0.765409770159
0.779498776705
0.631135787857
0.505895330433
1.00000007804
0.814651785441
1.00000004777
0.704767955491
0.845143121805
0.816911218969
0.310564598457
0.792032083566
0.425629857591
0.65216443101
0.859958078038
0.720364364835
0.89769883866
0.999999954948
0.543348925651
0.952189114261
0.443217437495
0.879401719344
0.667173988334
0.602050734057
0.576557981926
0.806556538971
0.716681265231
0.679265715436
0.674618093449
0.692627563919
0.961066872226
0.720633828163
0.763372315643
0.666845329797
0.911786943927
0.487013042628
0.821432674718
0.720187315832
0.628293539031
0.602434288946
1.00000003379
0.806061499499
0.659813989211
0.529877354917
0.604154189212
0.398420324547
0.629564868574
0.499452780444
0.999999996169
0.77572031216
0.966967952961
0.382583276683
0.559421364809
0.263494550529
0.759616408012
0.577744168489
0.750024313818
0.574742907836
0.728385346231
0.66174087106
0.798759898158
0.341116942764
0.685035641477
0.740808857719
0.352328881991
0.913482316195
0.43271667719
0.866373963425
0.758400673415
0.821650887043
0.905375359616
0.453851001651
0.999999987554
0.5244512851
0.87616491668
0.889650082878
0.999999986155
0.827201820133
0.912907261435
0.778911784906
0.517631857573
0.460384035283
0.571087107409
0.659224215413
0.760736583943
0.367162906865
0.95298370745
0.776894073066
0.698057169739
