0.687859954498
0.443233804991
1.00000005588
0.990247669357
1.00000000744
0.663900497745
0.448142863855
0.796257622272
0.789145107026
0.611731373831
0.913817407504
0.884620032058
0.670433622138
0.670634814118
0.639416115689
0.810294692643
1.00000002942
0.823533015029
0.555043339138
0.657126830862
0.595507359385
0.527944828123
0.841935319935
0.745452695799
0.631167063734
0.744613278396
0.424878374655
0.728047720395
0.42783952814
0.759437065167
0.511873724788
0.663194842736
0.343507324156
0.70162693749
0.578121130068
0.810990043986
0.871317215031
0.905725878257
0.510532393614
0.7042539798
0.855547151144
0.536733693
0.954991444551
0.95356165223
0.514417209011
0.795205256426
0.949299262648
0.662886208724
0.999999994833
0.775455037493
0.779196672545
0.757855325921
0.666490169085
0.834742429383
0.686499389341
0.900516499265
0.561927236296
0.400786063882
0.789627055553
0.375300891566
0.757845515514
0.696096076802
0.637980096498
0.840179834943
0.832325168199
0.838626138141
0.882342241487
0.405654848121
0.702799974241
0.737449360332
0.870931649308
0.886778661923
0.730818201813
0.652119483046
0.765863312377
0.630115147547
0.774738428592
1.00000002452
0.737758371156
0.544576855475
0.687983176244
0.832421985123
0.405651838724
0.507239339513
0.465053872183
0.567909182374
0.346356304137
0.846606613142
0.785894380243
0.493258787931
0.774053370258
0.509981189614
0.360208398449
0.761475825141
0.871300617574
0.681879243379
0.654996664729
0.954493501764
0.45704079379
0.957046200364
0.649399831257
0.475181659514
0.151308348977
0.590832573674
0.627073128308
0.81616000723
0.443113256804
0.755901078238
0.521839822953
0.913391174737
0.838229368912
0.952558448713
0.604909483174
0.512293456567
0.396133075146
0.645189995509
0.524627567568
0.529599177741
0.551444928957
0.749572631819
0.496304290407
0.513277516745
0.51165584484
0.337950126016
0.884597278623
0.622730088736
1.00000003495
0.939122763309
0.691632578049
0.710301083549
0.669832443416
0.389286892906
0.596517449612
0.688073303233
0.360238567212
0.768306207834
0.735837726134
0.815975223246
0.600254166201
0.541882753445
0.26262663034
0.604081774888
0.68905416385
0.542144107668
0.812884526796
0.639583221938
0.582214783915
0.408602265537
0.635133293443
0.545296424494
0.957046246114
0.636298810181
0.750220508767
0.302649539223
0.839475488597
0.768588547558
0.701021920613
0.571882921567
0.73362077639
0.85956806667
0.853962964912
0.830630776384
0.669542477686
0.600386077041
0.751851016282
0.656203726319
0.450989759346
0.604939324086
0.86941425541
0.992906118373
0.837470472306
0.851055722412
0.370508904629
0.386141640279
0.787634256841
0.644861857079
0.51379009774
0.7378648056
0.851579935023
0.792054286216
0.865267601104
0.29483991283
0.717797057726
0.621787634007
0.469430961626
0.705879354338
0.678054938243
0.495921043994
0.668280321531
0.589099882952
0.882491783026
0.519136992567
0.687218852725
0.476692447263
0.805952107365
0.314898198842
0.365353145683
0.73874131851
0.785385953196
0.784573200575
0.389063334508
0.770963139845
0.543727653132
0.53370247295
0.880719782487
0.685653286635
0.476491639435
0.608981859409
0.597834196665
0.668858918257
0.843472936035
0.61400466839
0.7602123718
0.985676736846
0.616469639191
0.362986129366
0.401958370967
0.66571984008
0.893760162204
0.934804811532
0.764664499284
0.373080415321
0.632507015543
0.41324036253
0.701335878955
0.764917900098
0.890984995699
0.734985807021
0.897163244111
0.501168620087
1.00000004848
0.647201168087
0.760567426745
0.337566961375
0.713123150531
0.871198753906
0.138344356257
0.820099001635
0.528225544716
0.67976172351
0.647872438157
0.49824025686
0.605879789622
0.666385281313
0.463321085586
0.823745902018
0.453035737318
0.730207537614
0.830973667141
0.437767439592
1.00000005005
0.28569078004
0.661948087825
0.827547092358
0.940916838487
0.596355742618
0.534647371046
0.881797566844
0.776374788126
0.614690103886
0.608932305431
0.374886098395
1.0000000556
0.573305264333
0.76204713089
0.800452124549
0.705148534665
0.488327369366
0.648805051717
0.999999892273
0.733063161605
0.393567748153
0.724781817184
0.811132485126
0.892580508163
1.00000010296
0.552955370031
0.813768767767
0.433456244002
1.00000009297
0.37958884005
0.882781188396
0.590458639511
0.724777106322
0.804949801909
0.300212501811
0.395539769935
0.668647801363
0.500417413618
0.443504077984
0.9517424746
0.550072489089
0.77372038086
0.721228297579
0.724112029973
0.0900958551259
0.525866698787
0.864369032087
0.570015238674
0.601198847917
0.94538504903
0.623072212006
0.505671279259
0.58942044528
1.00000002111
0.995771134672
0.583752211483
0.888967675975
0.143433949999
0.573741143069
0.886012827411
0.920607868567
0.777685274269
1.00000000973
0.700810946335
0.744864834108
0.591313276149
0.453304029947
0.298928130926
0.81448761776
0.755553689468
0.528392912356
0.256398623653
0.50336664312
0.831211907333
0.858747234511
0.674449399484
0.64425170058
0.814430812846
0.439473631573
0.52282351847
0.423006163323
0.718375440424
0.999999990812
0.999999967808
0.905571777436
0.610012251871
0.286403814652
0.557065094296
0.791132578492
0.377279366445
0.69786619354
0.775269140459
0.736373313304
0.629368958815
0.720248065896
0.562550745279
0.714563009468
0.136301617744
0.659471424412
0.834783493761
0.869874915421
0.613153481777
0.855412550594
0.741692199691
0.686963013866
0.691942566627
0.58842632143
0.967278440191
0.707908516416
0.49500651235
0.780142636087
0.81308765488
0.440200518317
0.240236305603
0.675122514369
0.510532495096
0.547937984017
0.516534480691
0.383949221048
0.582555656117
0.768965359842
0.715002284511
0.475314077033
0.801263458927
0.65269577386
0.579693357054
0.493318848595
0.742237295015
0.411314221194
0.549241429441
0.803447419851
0.329867118284
0.772792030253
0.99999996082
0.665641476803
0.894907858165
0.343157431282
0.63797745679
0.735217602241
0.564862859877
0.647084298303
0.599099366293
0.625893658585
0.732810161088
0.649965330359
0.461200102686
0.716792037198
0.534669212717
0.60343815803
0.807167145085
0.676963681202
0.494833632269
0.870390531791
0.703967831786
0.372634983605
0.921679468754
0.745706098778
0.582396148366
0.805987295259
0.298088270249
0.726914377746
0.800375196935
0.848056893103
0.376578543671
0.690748267236
0.591346803466
0.542041677248
0.502084276937
0.615317411033
0.208727418311
0.999999969328
0.529956906526
0.574039972374
0.679663502001
0.769926653757
0.664501055021
0.660414178234
0.601228048667
0.737354943751
0.764654855093
0.583275667168
0.564015508778
0.421131493248
0.689533845876
0.492366977515
0.555445624084
0.780954822796
0.498126409308
0.733737025258
0.382495778878
0.738256039552
0.599239422966
0.584539278354
0.964445105925
0.821169544453
0.91762105653
0.856022631933
0.366972733113
0.776908728984
0.513605760387
0.704213143082
0.490091670785
0.465868917444
0.713684129958
0.208643234207
0.497194983649
0.864528768769
0.527924369815
0.569255987414
0.873808148681
0.659882941615
0.75095204098
0.376785416339
0.856022581053
0.768139677209
0.549903490651
0.397185332832
0.606667096138
0.465126897698
0.291223489771
0.549678122701
0.551910998476
0.919839657817
0.346732858092
0.722447273323
0.744621339337
0.51990110119
0.409646972225
0.636309090376
0.885275780066
0.136732984449
0.543209301898
0.877396886219
0.709238561695
0.771598927145
0.877408957875
0.161594333017
0.999999980662
0.795026697555
0.721118503006
0.742756984095
0.810674597855
0.940820752041
0.425126256655
0.884842670444
0.737511362458
0.628034639439
0.628991176466
0.828400203818
0.662460406381
0.284248951497
0.703051850879
0.887548866476
0.956366844662
0.695874089679
0.859423526869
0.397901394463
0.893339224279
0.711286513137
0.865912853595
0.690393670051
0.48175286979
0.745745367099
0.303362025166
0.756081147572
0.765760932387
0.881914385717
0.661658939703
0.838878443426
0.566093959663
0.60191460948
0.771397434196
0.256592550423
0.401958047545
0.870789410027
0.498372670216
0.843674481756
0.576331653175
0.748282655582
0.940425658427
0.667157961716
0.616274790734
0.580189324693
1.00000004447
0.776473828536
1.00000009297
0.978667010622
0.862475403157
0.599736211963
0.846245768496
0.639970349157
0.767495741514
0.0932303478027
0.691755848788
0.518440456338
0.728382710849
0.698746230634
0.530294777423
0.357721937864
0.643962468681
0.134438919991
0.662988629476
0.749220562851
0.422822779411
0.497826406134
0.759327360425
0.497205977553
0.831317288513
0.582428970518
0.349187948007
0.768224556405
0.760259431571
0.327181466058
0.636670472342
0.797430610862
0.33902043093
0.541532393313
0.568989049898
0.751981110889
0.705820508625
0.99999996933
0.465487162119
0.786128642347
0.868092743765
0.689510580021
0.362409429074
0.743730032725
0.490289653038
0.772719286207
0.418883983381
0.356127115709
0.780953603152
0.797194026589
0.70789458174
0.763926788149
0.987300639033
0.527705333956
0.652616672308
0.608111816392
0.836618831636
0.838683357405
0.793198216126
0.625229533368
0.842814661803
0.223765262688
0.865322428974
0.465449920028
0.662783652704
0.876689904961
0.905993700124
0.77156637827
0.709510608652
0.416433323453
0.925445857969
0.772975855188
0.824768287636
0.527168197161
0.721389073201
0.708484611534
0.329142690003
0.763857386493
0.388332069493
0.393548958869
0.318443124375
0.685815049478
0.726651472803
0.773679855808
0.393844951324
0.636147058787
0.498682794023
0.801494463102
0.577875785197
0.752129737953
0.762947333934
0.722880207296
0.941868018568
0.762632457573
0.85045056745
0.965347305345
0.463710391888
0.704549105954
0.711836723505
0.678568994766
0.417010251871
0.779914659832
0.726806813871
0.475589275141
0.514055747128
0.61320719529
0.642618229034
0.402295754458
0.665476475228
0.86527829087
0.703441746162
1.00000005429
0.895600319855
0.866641642382
0.736051005269
0.93021162253
0.497844334201
0.504317548467
0.351254779994
0.777931441744
0.659121418475
0.577394140011
0.890849009678
0.72526761303
0.807534504983
0.49940210123
0.914637844463
0.846103648644
0.759695928282
0.321754103328
0.975400369193
0.142532883251
0.466558400449
0.854411168342
0.664914144617
0.848476513615
0.561771537104
0.498608304692
0.704512706858
1.00000003264
0.642586667584
0.45141764734
0.935699489125
0.855849589954
0.654422771852
0.607859795312
0.870500729976
0.934098764993
0.736850185405
0.541891411549
0.558558167673
0.321546126979
0.668202284658
0.619956842403
0.303268930965
0.662042205362
0.684323374903
0.64895451155
0.847472156653
0.729633299854
0.445136952708
0.683547733015
0.282558728369
0.527149818651
0.745863491896
0.799730887511
0.761989217363
0.817322879455
0.555790001668
0.720827443513
0.34675675119
0.142944998892
0.713362703988
0.721429273798
0.944147462521
0.570691076585
0.521120169451
0.608463742546
0.729656819698
0.16408644248
0.468867374777
0.668742707352
0.756077433201
0.679723378671
0.786159888329
0.888373640461
0.612746980961
0.884217204239
0.477419689822
0.74003553627
0.449909782784
1.00000002942
0.429630800585
0.207574803926
0.539317510414
0.452430708341
0.770159086182
0.834812034074
0.494124291888
0.848279513268
0.62334193867
0.520944878456
0.960993075479
0.595158608306
0.703019543618
0.430603036463
0.659110534201
1.00000007403
0.709168512148
0.404114142274
0.767254378073
0.651066031295
0.602085049982
1.00000009187
0.839960279392
0.603761629136
