0.273479170447
0.523464854075
0.80721204346
0.796148348953
0.868933512044
0.740202020247
0.211270212462
0.691307329502
0.669550826627
0.800420133122
0.23731362342
0.38564174947
0.544759965409
1.00000006181
0.859691454742
0.271871311553
0.507749011966
0.60001131065
0.517781375418
1.0000000262
0.451231462471
0.761431112182
0.812718019652
0.891580808148
0.776926128867
0.411763311578
0.431125944074
0.533440896549
0.754542091963
1.00000004808
0.317868538608
0.591076440663
0.529530177102
0.930347250486
0.8462606963
0.287700941305
0.40096054371
0.855902773749
0.870522284977
1.00000003925
0.502917176711
0.524572678876
0.543836486634
0.682438458879
0.772607808538
0.578156256457
0.774102942313
0.861038032908
0.760763813509
0.779556131461
0.264603548709
0.679990220779
0.860922298645
0.611287464675
0.851031783452
0.256033870677
0.518926463471
0.588831836625
0.5917222218
0.868353356971
0.442042447349
0.46700983967
0.688997951039
0.828313519266
0.533329427816
0.0652195391717
0.488010809419
0.824842214045
0.533661696541
0.828297127671
0.632223915522
0.81790658699
0.706166781654
0.679513144794
1.00000006805
0.40533701151
1.00000010882
0.99999991526
1.00000002504
0.50239932677
0.179138315828
0.488671355829
0.60284078626
0.831871114999
1.00000002097
0.173291158061
0.290712627643
0.620908271526
0.999999999507
0.523095413774
0.460125758438
0.570764005916
0.452423493119
0.561527164873
0.712014753887
0.645209259979
0.298111131355
0.707290340446
0.999999940647
1.00000013116
0.264999659071
0.534111239798
0.999999973465
0.750068178014
0.751087723634
0.240230665893
0.499065872877
0.67652235985
0.582013294724
0.939862229093
0.338699640946
0.697114593942
0.562207863328
0.745043420059
0.729881508455
0.420063117544
0.67821517818
0.512453197777
0.907689039246
0.999999940445
0.406361783812
0.535933959675
0.769854628759
0.874558516083
0.946407695655
0.546351807911
0.424128636687
0.625613423521
0.767587620683
0.681226562083
0.415432279758
0.250550979671
0.728430788073
0.730673606055
1.00000006515
1.00000011987
0.311849464916
0.575953914703
0.686770398685
0.92638014307
0.26487776148
0.603452196277
0.922313288166
0.808755575612
1.00000009536
0.454143921721
0.457937576377
0.312253202747
0.570036516378
0.792449968987
0.450767693632
0.592863128988
0.676519839131
0.906465114507
0.99999993794
0.388544942839
0.570054936982
0.850096361391
1.00000003071
1.00000004926
0.597619679992
0.999999927214
0.558976236232
0.948168644141
0.999999993801
0.189985175636
0.174089852703
1.00000009314
0.877597722096
0.870266529697
0.314716351401
0.658497078374
0.654752941034
0.999999994428
0.85608735281
0.150227480995
0.571337080471
0.545730000213
0.830309899562
0.834005522444
0.176157323686
0.570089986769
1.00000011679
1.00000003472
0.792193550726
0.15910267214
0.46701652392
0.682690688295
0.606726501546
0.856654268943
0.109583782006
0.672791167621
0.495159748444
0.868738880746
0.83139455957
0.510423322747
0.685467900273
0.406651085246
0.728940851752
0.564224342999
0.513113948854
0.578124362483
0.481130255062
0.999999928468
1.0000000436
0.18806648974
0.846623669027
0.265363692123
0.884627083616
1.00000006537
0.282330366595
0.767394719361
0.586163378373
0.747351274628
1.00000010873
0.264844026679
0.610777699052
0.566178545141
0.906700483032
1.0000000276
1.00000015854
0.630513915048
0.81925628322
0.841756703804
0.796397426743
0.22669082975
0.591678939217
0.805598988444
1.00000001942
0.722422030172
0.556590304365
0.445497266906
0.716334449025
0.83552844279
1.00000002738
0.297575091933
0.539332838814
0.805354197379
0.847526498432
0.851351493303
0.525196290079
0.577509131665
0.873659874044
0.795210851583
0.671057674754
0.230138188002
0.28339237852
0.707983440988
0.797476900798
1.00000006862
0.487149388596
0.246485495437
1.00000002995
0.819246381018
0.914638965535
0.456831954435
0.556494842414
0.741039350838
0.826680966734
0.73820589002
0.326448844004
0.511374062368
0.640314416117
0.747773102234
0.795511410711
0.175014439306
0.90256865559
0.733236706205
0.888339724985
1.00000004191
0.161143607076
0.59562300853
0.813816217907
0.824871752914
0.720147376051
0.145379450465
0.563404114595
0.464342032239
0.467175967601
0.999999942924
0.257798745601
0.575431514168
0.58192969433
0.751415055827
0.671381960706
0.514941248323
0.4521030337
0.575179399978
0.999999978985
1.00000011878
0.731280870309
0.799808686835
1.00000028556
0.657108918608
0.999999951253
0.368192941312
0.5034298647
0.883148304671
0.642293567236
0.832537395663
0.274147862908
0.638074474165
0.394868383244
0.794643856196
0.780079704118
0.402563322323
1.00000015622
0.678816357617
0.77722362316
0.871547517121
0.254798384444
0.527203988762
0.699099652895
0.999999987895
1.0000001719
0.235661962141
0.386790494195
0.611026673017
0.88377172255
1.00000003064
0.39998494407
0.47766042446
1.00000005907
0.854370720009
0.793275263066
0.409969280496
0.999999967828
0.898599123984
0.720969170566
0.714624004207
0.53468809559
0.71580862831
1.00000000116
1.00000000159
0.869306637493
0.781254654034
0.631859614215
0.607659328067
0.700523807213
0.792161100025
0.752016633199
0.54231765848
0.47544642728
1.00000009897
0.99999999101
0.47825646526
0.849389805523
0.758782457039
0.53847702785
1.00000009722
0.139250132786
0.401116312142
0.0941588812136
0.715101504712
0.119582491253
0.563947175203
0.585619932022
0.612731770242
0.122276500407
0.150962923303
0.86118741374
1.00000001533
0.375322486384
0.607898975936
0.624859675958
0.531330347932
0.218831752524
0.200432781979
0.178215160815
0.859021224378
0.388820962571
0.0760027119928
0.249908807292
0.439421793921
0.0955593567163
0.569061927253
0.0977821918777
1.00000004634
0.060554537163
0.0838355215765
0.186866487461
1.00000007612
0.0925753651452
0.332801876004
0.563497272266
1.00000008126
0.135916146401
0.203570539043
0.589457020312
0.706417356493
0.112469378709
0.37489661548
0.599627729093
0.850408747019
0.402939526641
0.135351758902
0.619009774209
0.999999912379
0.322265857352
0.222465783121
0.756668558281
0.999999942924
0.219929730622
0.128648985681
0.397956468482
0.84827307116
0.139379826185
0.399002053324
0.402357273855
0.901785998439
0.0836929844904
0.159665186311
0.582800022681
1.0000000276
0.612147306402
0.572553317119
0.611159139406
0.999999954887
0.150448452178
0.177200931804
0.555181556603
0.850408747019
0.252161269181
0.284795874218
0.612121856926
0.720147376051
0.32074362748
0.230455580375
0.441782220948
0.604450602526
0.0970405321564
0.0617165514881
0.63037154369
1.00000006515
0.391373586499
0.609196684721
0.549659573425
1.00000008126
0.389550719384
0.09393503639
0.590708028495
0.559966590937
0.2033597171
0.408917671461
0.183599207794
0.925852336154
0.110480208658
0.402967707958
0.552047863804
0.602696241799
0.39224893243
0.64883227578
0.588188634162
0.813643089364
0.135508763232
0.584721235934
0.544473862236
0.560668517453
0.144517366033
0.0757670683615
0.444311709578
0.903240218571
0.184008389612
0.202316357646
1.00000008722
0.707133589201
0.121997620275
0.358283763157
0.124314765597
1.00000009722
0.0955274102706
0.706836996019
0.528567784344
0.55512741554
0.118307877286
0.444362389302
0.564605058547
1.00000006515
0.0903821792318
0.556958269853
0.705572092377
0.999999996229
0.125154800178
0.256859915726
0.173363204211
0.708079345312
0.104688211236
0.264190091363
0.392119908163
0.818521562398
0.560957247837
0.181295979401
0.563497272266
0.590146122662
0.0973665446712
0.860215006497
0.788337530592
0.813643089364
0.148781514093
0.121478272076
0.830309899562
1.00000010069
0.100621183568
0.598699571188
0.448238207527
0.797552251819
0.200720685105
0.339399756469
0.591154987476
0.66367022702
0.120438824032
0.336078185983
0.665262054409
0.545053530648
0.172000170535
0.440245211382
0.361724920469
0.99999993381
0.0786938911209
0.198597112276
0.0861236480665
0.859021224378
0.203076112814
0.245783073718
0.99999987083
0.923632938412
0.108168477384
0.205192451538
0.443127536061
0.565562492145
0.386045080112
0.324454025841
0.378619364125
0.829452303263
0.409053343849
0.225018386865
0.784789330142
1.00000017741
0.120076719633
0.145551262871
0.712136742057
0.411953786077
0.0494256788193
0.190731528252
0.457022384831
0.874027790092
0.092023547608
0.394868529078
0.413190021052
1.00000000224
0.132959672535
0
0.219496197438
0.796429298243
0.0945801215035
0.297720504732
0.450814248834
0.999999954887
0.141002569548
0.44894823798
0.532936200291
0.56078814257
0.203922991475
0.489025094461
0.286041854447
0.560668517453
0.129208939186
0.438612316482
0.426857974576
0.873700445751
0.0959861110074
0.165325496027
0.612794002259
1.00000005074
0.215420760466
0.391792816302
0.539759437608
0.681226562083
0.326567285427
0.281285574665
0.798193153891
0.0388985375804
0.113072861915
0.609017605317
0.628627753274
1.00000008126
0.171747081118
0.156437358845
1.00000025985
1.00000008126
0.196257738689
0.174471535723
0.617117198208
0.903240218571
0.221177901132
0.403699660248
0.595046310654
1.00000001258
0.100577735338
0.248682627154
0.0939319315759
0.999999993801
0.342418583234
0.407051087572
0.62203017316
1.00000004399
0.233414843794
0.12484639558
0.526190671087
0.889332946094
0.179269463899
0.109336653189
0.441970022474
0.660718972244
0.135052867255
0.0716256266711
0.450814248834
0.813643089364
0.488658623916
0.514905345632
0.535362500238
0.613553290965
0.440819658017
0.639298459169
0.450663981567
0.999999996229
0.611239666075
0.0792659757715
0.0995888488683
0.816762890882
0.0790179488006
0.463769746821
0.101364713641
0.722937006477
0.240410249564
0.0701935446426
0.825809736289
0.612835110872
0.204362454652
0.352832177748
0.587236278836
0.681226562083
0.274282422273
0.11804832627
0.583721862231
0.797552251819
0.151584997128
0.146426567205
0.596176822852
0.83855398977
0.164676573792
0.165477256794
0.440869705941
0.545053530648
0.137147804776
0.296659538296
0.566163799386
0.58334950723
0.0982712738643
0.390257762498
0.709029437556
0.999999993801
0.228193615958
0.461381170184
0.678393883931
1.00000006515
0.0864468120607
0.120311717206
0.420127696785
1.00000000561
0.0607491402756
0.628697522835
0.29411602138
0.732695531625
0.268799596093
0.251031963093
0.332774182303
0.729207336111
0.108307584849
0.187154761339
0.500149837697
0.541798046886
0.138224401634
0.0847386055483
0.583602412057
0.831779458373
0.18514896396
0.334220299669
0.606936708107
0.666723971562
0.107634198112
0.129880695941
0.630414792086
1.00000006515
0.227893358373
0.152551194411
0.715791780011
0.565562492145
0.148448643353
0.424132863688
0.999999912379
0.720147376051
0.306889089881
0.22033229654
0.0568606396851
0.999999993801
0.183057572761
0.379531102581
0.767077236013
0.727903354855
0.132086592926
0.11175990156
0.566858290743
0.90647494515
0.216387464184
0.043142329949
0.563497272266
0.735336992735
0.22047143164
0.345011118326
0.297426857615
0.999999974892
0.141084083613
0.432186215402
1.00000004799
1.00000008126
0.140387436296
0.482102420765
0.612661679583
0.598061798091
0.106579316297
0.710198172264
0.391192134535
0.735046989632
0.342988355878
0.172032233997
0.776145430208
0.439421793921
0.359225374114
0.271962079347
0.628627753274
1.00000001533
0.12252024443
0.502009017325
0.219007017525
0.90647494515
0.335766330433
0.155587179553
0.788337530592
1.00000008126
