0.498940991896
0.795940106805
1.00000004606
0.617695863774
0.672675635912
0.798692115553
0.689755078164
0.616996178255
0.862767363581
0.654973451673
0.756537435353
0.901688287614
0.435637146103
0.907247372609
0.999999975279
0.49655229147
0.773751921154
0.90318596913
0.550530037641
0.973506464537
1.00000000837
0.710784080256
0.772506278881
0.99999998431
0.68852142424
0.677752851841
1.00000012446
0.578611669523
0.831484045161
0.856760220396
0.553503757837
0.748330670192
0.770371547367
0.641047359631
0.45262309454
0.897746708151
0.446518164063
0.877178287649
0.784892669731
0.649419627597
0.669402223494
0.755504283607
0.66291813927
0.913321598045
0.832158883663
0.620737064006
0.652398637362
0.696345760967
0.566343321522
0.467583290202
0.772089182892
0.626586745203
0.756552111368
0.873172899943
0.512730816402
0.812393228317
0.928108464786
0.584611936437
0.706507194514
0.779146965668
0.585496804888
0.817615251684
0.870624372509
0.602142139944
0.735575666759
0.928108464786
0.596931374586
0.521353200245
0.719946101049
0.695285014863
0.754582841495
1.00000012858
0.758626734195
0.868095600156
0.890625281686
0.554596356069
0.902383352466
0.736211141649
0.601591042903
0.753996928033
1.00000000817
0.820883465906
0.736703364752
0.915384721141
0.67730509528
0.902618198412
0.803448561708
0.436798316333
0.840723867514
0.754247039315
0.583837788649
0.873737091935
1.00000006472
0.539154507592
0.808027873333
0.810641157376
1.00000005945
0.900775496539
1.00000004446
0.467976321949
0.83196471192
0.775654977208
0.444376763903
0.584564848915
0.729340473979
0.716882197292
0.68230667217
0.849984968663
0.60896012074
0.622173826674
0.935694782452
0.809968078191
0.609911341222
1.00000000681
0.713387763152
0.907229799472
0.910091343255
0.570607197437
0.952740600411
0.797300015075
0.755728068766
0.843335109282
0.87449862682
0.113073453406
0.726700015684
0.711797090207
0.782420224714
0.752529263479
0.763384796211
0.678711161495
0.927085065943
0.909530517208
0.443492188156
0.873812607454
0.72413509482
0.659336730159
0.878436943317
0.860196448373
0.666524059332
0.844992947492
0.889507172364
0.704892336425
0.18661554096
0.90854667242
0.495567781904
0.813827109019
0.753708483031
0.520094106107
0.832874200659
0.873691578539
0.532851128413
0.868874218472
0.681331796673
0.847105064937
0.844553511914
0.830722799682
0.671738200636
0.66277625417
0.91681983667
0.727882278124
0.706658082756
1.00000005756
0.486856026781
0.74435577356
0.735733234271
0.54600955506
0.649264481768
0.82486276969
0.744571594193
0.821975994501
0.78567230204
0.64760142051
1.00000003967
1.00000007897
0.50088218853
0.800616265382
1.00000005445
0.571157049635
0.773669745992
0.862541585694
0.389929034733
0.679965104279
0.850620961452
0.623643562926
0.999999946918
0.665560599139
0.682993328035
0.827288579096
1.00000016519
0.565155962712
0.928825133344
0.862862328332
0.55982696914
0.632601854776
1.00000000656
0.0541855518719
0.67742939525
0.93334386763
0.505864974907
0.755411425664
0.858676769897
0.523302978188
0.773765957647
0.962306866021
0.572326658008
0.7539574719
0.771090424391
0.301947595582
0.760684198534
0.999999959599
0.487598036406
0.803487828798
0.843140541849
0.393392618649
0.913348833259
1.0000000297
0.563347203227
0.559496287151
0.954665808959
0.516553297201
0.868942242284
0.918389696377
0.591559213998
0.689071479738
0.951812604747
0.544207405924
0.558804219004
1.00000000171
0.533786680757
0.763208048944
0.927609943549
0.65034134778
0.813861528697
0.859531345502
0.599772763828
0.90973406933
0.589445324076
0.90557353252
0.619778171438
0.578869366256
0.434838618375
0.648608452471
0.693343854316
0.800159572034
0.847604567726
0.919594088736
0.382422197125
0.776109797674
0.588057118112
0.661824021243
0.565306068004
0.640686113351
0.759272887015
0.800605222908
0.851959145074
0.529404061104
0.78200191104
0.752929109545
0.672371317561
0.586719807004
0.611196180117
0.968866901968
0.999999992697
1.00000006696
0.529462868166
0.704349247073
0.396456454332
0.824590498536
0.162938422397
0.767309176748
0.396002389183
0.834728044111
0.424683221017
0.804132365285
0.501717934162
0.57048984886
0.172096487194
0.840867156863
0.525184413905
0.674871376406
0.549758442579
0.655519442154
0.604376501424
0.802908086688
0.750453876359
0.706388471901
0.519773567533
0.78234913963
0.532346092467
0.0625429598336
0.675765542647
0.789605144874
0.751229129571
0.68727245317
0.828084661453
0.612942966665
0.525491640888
0.931847191448
0.354979936566
0.78353440267
