0.15514612945
0.556323926715
0.522594880824
0.529693910754
0.776742283438
0.27543025007
0.413056556168
0.516435065335
0.418084203041
0.720815696749
0.265182424467
0.502265195932
0.550779846414
0.745147171832
0.583447951383
0.228908404607
0.324399961896
0.360268760344
0.679818768286
0.735760973422
0.376545061804
0.4004927449
0.520730386674
0.495155870802
0.856949622185
0.383244040808
0.375945237479
0.514441716619
0.636687629331
0.892321839808
0.300173144925
0.318285358352
0.437620649503
0.587116469527
0.725867651008
0.20351846498
0.384523627599
0.447994677953
0.809672801049
0.81338281376
0.346617394152
0.472440871891
0.571178385999
0.768639792867
0.70943035584
0.3653556454
0.434163632915
0.588778079793
0.827582977299
0.775663618003
0.289573100824
0.493143927369
0.578689322867
0.634380909088
0.701057842344
0.29316384798
0.679406918099
0.627726487468
0.662194919734
0.697815155656
0.26694232501
0.404109665953
0.686053226416
0.885753398395
0.735652700692
0.277471125671
0.750860692719
0.311060588562
0.695638558343
0.681285809569
0.506951648214
0.402162631584
0.604772717702
0.57006900577
0.73747427031
0.386132865673
0.434390851274
0.429071551786
0.730270775516
0.838052159642
0.121790036459
0.389185546529
0.676921539405
0.809750531519
0.717639124103
0.407842671811
0.339144861203
0.508330835194
0.597838099695
0.999999928941
0.154739701729
0.214262665372
0.664880970809
0.644052996138
0.708827111336
0.25740442153
0.525921786631
0.543747533793
0.662689008328
0.77391619027
0.147058073104
0.62999688563
0.350709103678
0.734923435275
0.84199551915
0.357967009333
0.305911514592
0.413930101857
0.766208246391
0.749009050375
0.340986518686
0.314822356189
0.591269968793
0.882901285014
0.855782113092
0.332541011131
0.0945657180266
0.580289628475
0.663983386921
0.755919931506
0.167080268939
0.578694844329
0.558360003802
0.650667322318
0.924348168975
0.147050060625
0.417800214946
0.579474659727
0.599828521315
0.742036808918
0.498053565614
0.416572437301
0.665216339426
0.845237120969
0.750000012949
0.351983610848
0.498692846975
0.658685406021
0.625381901327
0.59235703629
0.393323531328
0.365615882353
0.57760852566
0.772951772055
0.904765943933
0.249394497907
0.721748093206
0.472438798627
0.813994915801
0.733686528724
0.313949169998
0.171135262846
0.524814686343
0.606072857758
0.571509988136
0.266719106001
0.387365126388
0.657603931245
0.497330710143
0.814994248975
0.70026241698
0.297919930017
0.37280057023
0.885802498536
0.632342596798
0.375771760888
0.466483612156
0.740257132415
0.739395251883
0.799944364753
0.249421683997
0.312540415791
0.601537715923
0.672360258814
0.634785156659
0.20528365794
0.406157506689
0.619070824174
0.70479512226
0.890425337972
0.373008233007
0.282594812075
0.596254212707
0.483695469802
0.879557370123
0.243028450691
0.498130356717
0.617666805128
0.762225146212
0.617030823321
0.163684103494
0.480993435925
0.620820217606
0.498374354092
0.851891979248
0.338257655531
0.207301943609
0.475091796454
0.751105357268
0.748319410462
0.49691848001
0.168268296073
0.467599266482
0.680601017079
0.708586906232
0.330094750776
0.425644228029
0.587162877503
0.728238320617
0.885304947011
0.271458431866
0.531987090594
0.563867894372
0.850159691897
0.809534119641
0.366548235768
0.411337756338
0.615046257803
0.638191599685
0.999999973685
0.351671709011
0.450482702587
0.7290361523
0.687489604981
0.518856773489
0.269315788968
0.36425494014
0.642770654657
0.741397590552
0.724549940673
0.133706404109
0.399254664463
0.515052283994
0.64250481738
0.833272055824
0.337877740272
0.301133822421
0.558122040994
0.688935049253
0.782696647283
0.366878638215
0.134181427876
0.673723099984
0.598921480139
0.63698356631
0.291453593469
0.196385246921
0.595338778834
0.636512296666
0.749506745145
0.400202286778
0.425902434777
0.70970686747
0.737054722415
0.556012930001
0.192052418122
0.533988951058
0.371955779282
0.784240361221
0.691778309669
0.151064454535
0.389332577581
0.677277954475
0.55554376705
0.833839219809
0.304228365287
0.345275131141
0.592500322902
0.714178338618
0.806001234201
0.177421560228
0.59912434061
0.519112582831
0.676906485244
0.563553716822
0.283028018341
0.353305457875
0.566429352637
0.636470466885
0.867569301245
0.40540757525
0.354086370581
0.557340520544
0.390747759223
0.746347760435
0.173601218023
0.600365512657
0.779893699045
0.483845620307
0.758828820306
0.355432711304
0.347445793951
0.471875197043
0.714961427152
0.737747553954
0.119100056849
0.129953844541
0.834257633373
0.61020544206
0.763147592447
0.497799002764
0.477717730116
0.496363736403
0.646863347971
0.723849262366
0.391205241409
0.520587955727
0.458050256402
0.66652977474
0.75582118379
0.284882409852
0.179913739904
0.465730927529
0.594502155508
0.697565192894
0.246807821442
0.50468501641
0.585915889464
0.591771054053
0.759395434619
0.335666182149
0.7153250394
0.354686511773
0.799735538993
1.00000010587
0.149258683934
0.520745088011
0.630602381369
0.595303401472
0.425945934117
0.298901057666
0.548690609028
0.385191892369
0.664555180846
0.79440062102
0.652986655743
0.368933309869
0.604860849293
0.649807207166
0.769615375046
0.186401998049
0.406238629665
0.741013087047
0.430431078137
0.660367667086
0.161892356611
0.576557084533
0.581052104798
0.598382103364
0.876159837358
0.26459090187
0.270257695621
0.544263137526
0.688827421202
0.781311558333
0.185591510772
0.472646776275
0.682159828294
0.627983235392
0.813715113792
0.199740157912
0.34544298732
0.552094034713
0.695023674923
0.732641829859
0.193759139204
0.54499592542
0.44647087916
0.628669019788
0.725220691052
0.299520854541
0.626879875396
0.365141806093
0.846667503243
0.849827876025
0.470415965895
0.520843843655
0.500510138805
0.608337238965
0.847821573384
0.190740835602
0.505974033908
0.422638161777
0.789281655907
0.641789829874
0.229351944005
0.360872961772
0.543175839184
0.66566780326
0.75343446015
0.208044774272
0.122402731866
0.622332511821
0.676934324316
0.805328359708
0.117564370162
0.319488437913
0.44062365889
0.61923809846
0.668551278633
0.185136455369
0.58716015175
0.643245021268
0.646418731005
0.796407348305
0.17380412916
0.379216605857
0.469639991287
0.815307516523
0.742829321329
0.446195633348
0.471292399863
0.52981480211
0.863546161112
0.845170247386
0.175687303033
0.53775356692
0.491903203862
0.8185886108
0.851917766718
0.336507078808
0.544383876869
0.75145188136
0.830106783799
0.722920319225
0.28949413776
0.433030003734
0.65342259045
0.745865231943
0.811277795079
0.43476328189
0.102856643736
0.310812344414
0.57487693281
0.613211217245
0.255960871983
0.40975991333
0.541542967859
0.571388145634
0.791731752987
0.653732096398
0.469546208306
0.435664236262
0.656710563973
1.00000000796
0.370496248822
0.2877218664
0.602601498144
0.528406045182
0.888038465878
0.424295641933
0.573554928182
0.64321608382
0.792916549733
0.640449638999
0.16575014546
0.503729188216
0.370649732081
0.723052024581
0.869283779826
0.468752747384
0.429760554145
0.410929628844
0.485991478277
0.728441686163
0.302973864994
0.379796404949
0.748329974815
0.676694144097
0.666018319878
0.736094326719
0.471662047687
0.642469357319
0.864978836099
0.567591738718
0.463621793239
0.420653101951
0.516210374119
0.755433666619
0.769462379161
0.13063155818
0.395707222422
0.494816302396
0.57983012857
0.953719345665
0.209295542551
0.549869476969
0.632500069407
0.585641753867
0.87322841169
0.288913283989
0.563438281419
0.483374549714
0.575377262693
0.78259090396
0.26875092359
0.609695015878
0.41264759723
0.896316013584
0.733953899171
0.327507462472
0.340207327752
0.629488772839
0.625736603721
0.685651448827
0.153911730555
0.592825865883
0.554983696686
0.606028668472
0.723053220038
0.296803390302
0.468856591575
0.471426774582
0.603951719516
0.909038693584
0.110547509915
0.491132383596
0.382810827097
0.757239960863
0.811366897567
0.299644226713
0.549318540659
0.614512301506
0.50188080812
0.742813205412
0.334807323733
0.522451010736
0.638078410304
0.539820840895
0.706781597668
0.247595550883
0.578251559602
0.492568750495
0.634731340795
1.00000003779
0.303176121867
0.386358426027
0.513808569117
0.553753223201
0.712473335353
0.339734486178
0.588669080998
0.612239788146
0.861049810009
0.816785628096
0.312228715242
0.290108552166
0.503679435949
0.532325118361
0.659514999265
0.133919876131
0.89639577335
0.497035842136
0.62444865183
0.767334150463
0.232623956905
0.529020969874
0.415982887606
0.765288985499
0.744031150921
0.583081652003
0.425060136381
0.569368907211
0.74960554563
0.6318662229
0.338138243709
0.458679985849
0.518207157907
0.764641545414
0.616546360856
0.309275115158
0.301433344225
0.468697866668
0.534574132138
0.717897498285
0.359575901375
0.48659063794
0.553989477722
0.636127074128
0.757696825824
0.26884342989
0.438534304498
0.318782078317
0.577654821841
0.771989487185
0.12355730102
0.361005955125
0.538088890087
0.653322550824
0.593071068966
0.400451604058
0.354293237194
0.455296902634
0.528134371547
0.716977580253
0.359389141067
0.452594265895
0.581595670559
0.713662350175
0.849021602392
0.267269994217
0.334429435232
0.657162729523
0.753895978124
0.593619718536
0.363455096442
0.3063307967
0.550552423708
0.77318973417
0.69409930614
0.35903883358
0.306226136106
0.511164318507
0.936518356358
0.832720700671
0.399616683708
0.545717375148
0.604077824218
0.646895545837
0.674525920122
0.129542952059
0.577601733733
0.672825974662
0.632870668826
0.630912142462
0.224141599503
0.509715292033
0.362688446182
0.727458039343
0.673276034715
0.208513946265
0.500162748927
0.419450351853
0.452239924171
0.68435069463
0.267579274851
0.246281049842
0.676642210171
0.487424605668
1.00000012344
0.250415080747
0.298953574384
0.728612818917
0.654865813218
0.769041977688
0.149620741858
0.450512834633
0.645101833039
0.707632191951
0.794996248652
0.25954618207
0.32524437086
0.372713941119
0.726333883503
0.847592143447
0.157860331833
0.328796534405
0.772175361469
0.541112539337
0.645906031622
0.260725920538
0.369683961109
0.624082179502
0.742107784706
0.789483327496
0.339767963446
0.536021752561
0.61235292122
0.782517491249
0.677184604352
0.134955960159
0.686998254742
0.517563857482
0.864475936564
0.923987971732
0.239478314291
0.363983067558
0.479019160665
0.607594998363
1.00000003593
0.564790980087
0.312403269553
0.520440236006
0.650304630754
0.864978836099
0.505469934193
0.689953381097
0.718261962405
0.584645363247
0.853354159469
0.29649957939
0.298039477615
0.628127145628
0.56566177822
0.603618842694
0.480713311415
0.503546651099
0.588707589143
0.814660188795
0.721743685041
0.18043940991
0.427728493727
0.837775557463
0.579008607038
0.92648053158
0.23792554159
0.42409326646
0.561259067845
0.804397599271
0.910434281405
0.242612519816
0.423875468387
0.509911761163
0.602232541573
0.681982363893
0.145412549411
0.338564322637
0.419596292753
0.796705389464
0.804290027517
0.192992388252
0.414938317421
0.606415193571
0.791995244075
0.671157315076
0.260132639276
0.404089379644
0.578806638996
0.570759437156
0.769263536176
0.209811721408
0.335383508202
0.533501929637
0.670711798863
0.792895753665
0.449842482284
0.45989132124
0.545174715647
0.787381531838
0.860038916975
0.257141513437
0.875851991916
0.680939639551
0.728412026379
0.64170935923
0.312707475962
0.738794834174
0.630336194811
0.769236378215
0.656779796156
