0.752885206537
0.794929931287
0.851239992663
0.693818127643
0.703028769504
1.00000013913
0.644903319467
0.596546263587
0.609734792035
0.516276807289
0.63155987726
1.0000000144
0.70369087814
0.61833384475
1.00000006194
0.611730189981
0.6284022091
0.797892106624
0.56202452103
0.999999940261
0.885451171418
0.531792193535
0.716057642863
0.545537647023
0.741937586178
0.999999978731
0.719155157311
0.857588512444
0.775252270297
0.679240581399
0.703789526076
0.999999998946
0.817588745416
0.431527489578
0.779540014937
0.860731783711
0.84429888824
0.810102120371
0.811806336151
0.60224351389
0.753619519428
0.563385274167
0.600250994215
0.687098114269
0.542730923428
0.999999968508
0.376063015489
0.745391332422
0.482314450329
0.573431044485
0.885451171418
0.529866976893
0.763058699704
0.878686170717
0.533597676675
0.77668470046
0.92343679531
0.893536303762
0.405932041787
0.999999958667
0.58037460803
1.00000007543
0.728363847061
0.645756767178
0.558643772612
1.00000001854
0.559682939518
0.736241322579
0.702156003809
0.770448390638
0.64860941464
0.765337120413
0.514737602767
0.662092137941
1.00000010976
0.748593792838
0.733734528958
0.705485062443
0.625380785526
0.471211625376
0.778881978134
0.268400781998
0.595635487082
0.696637623858
0.478283543495
0.723137915783
1.000000159
0.550638662918
0.564498196058
0.826729039637
0.566418815372
0.585541911015
0.84474600693
1.00000013128
0.538282526419
0.873174018927
0.592561905315
0.655115652199
0.815605459248
0.669928681999
0.689577231448
0.769010731168
0.439806641248
0.743798826846
0.786842296068
0.949140845958
0.691079630888
0.777682899416
0.75267959236
0.804224581395
0.395991881044
0.505243341037
0.687989460212
1.00000012245
0.618189823952
0.610597562514
0.837020772534
0.667449547285
0.621008576275
0.673568090992
0.560430914658
0.573431044485
0.878648913019
0.688115500091
0.619419350133
0.836917265267
0.68836834717
0.807928647647
1.00000010419
0.99999995277
0.815202440351
0.69886870293
0.616060583248
0.999999920606
0.527609273675
0.803123451028
0.589313903659
0.703323823112
0.892356246433
0.717857707129
0.750157628381
0.668217934788
0.707788694558
0.730360908902
0.99999989344
0.733734528958
1.00000008118
0.535674529624
0.557801505516
0.767730079518
0.195501658898
0.718686557331
0.791403312965
0.999999984138
0.761065800102
1.00000004696
0.579134160644
0.551655856034
0.732122048033
0.548416042765
0.631559871225
0.83048867312
1.00000000587
0.607320582667
1.0000001396
1.00000005859
0.521597837282
0.734151207402
0.570488412612
0.762134187556
0.889385942032
0.811748867067
0.617991041631
1.00000001787
0.828710992388
0.615568874215
0.918402709578
0.414552429597
0.999999992563
0.66132678865
0.634756058564
0.381330107091
0.612994579091
0.521706352599
1.00000005536
1.00000006323
0.56090699994
0.935779179675
1.00000008678
0.422741034727
0.700948434339
1.00000013266
0.798666532745
0.706646458351
0.0
0.529287267143
0.925002804327
0.999999962758
0.486142538164
0.807282471863
0.881821949302
0.377166032253
0.50700265342
1.00000006589
0.62348555887
0.550342312913
0.759423196161
0.798974005237
0.43926525559
1.00000002174
0.453171227563
0.685367865561
0.866071676728
0.731254097794
0.671691463815
0.730580195769
0.485678744694
0.999999926389
0.817858945118
0.0528903777661
0.763058699704
0.566310368279
0.829374891061
0.688531022453
0.643695464181
0.554028701982
0.451949301765
0.776269140472
0.856226668941
1.00000010419
0.874859296056
0.513563964709
0.48254154709
0.719000477176
0.649099143698
0.79217232041
1.00000006194
0.554945412621
0.77627965519
0.999999932486
0.476722501816
0.520572262074
1.00000006589
1.000000016
0.607167868029
0.772882560834
0.475548203181
0.999999943529
0.918401683845
0.708234314358
0.471211625376
1.00000007042
0.665637481402
0.675970412597
0.905387667834
0.560430914658
0.631971973733
0.878926663577
0.584495320654
0.759389630371
0.676567374949
0.513563964709
0.827700502213
1.0000000059
0.5624197106
0.691475978563
1.00000009972
0.643401614131
0.773030807215
1.00000006331
0.620743890473
0.999999996145
0.953042685864
0.856218726919
1.00000009207
0.999999958796
0.831272312849
0.744307256627
1.00000000987
0.501372937094
0.999999994803
1.00000016159
0.777530316184
0.599761200316
1.0000001396
0.439806641248
0.74771273077
0.712206006198
0.585704132801
0.561445443408
0.873850269696
0.831832964249
0.803576951591
0.580364953758
0.842942941497
0.606374801609
0.861106828357
0.50820669968
0.668239825041
0.729086033393
0.359060611897
0.804224581395
0.681751234947
0.558216664132
0.734112515798
0.777787195591
0.950001945498
0.836398064033
0.703323823112
0.776867925615
0.591461094402
0.609183733899
0.440530149117
0.810808567833
0.999999969707
0.387862040007
0.599993587674
0.587849768053
0.534352271463
0.999999981924
0.870228606643
0.545980630219
0.780463889998
0.897870648608
0.646972521454
1.00000000112
0.744102603637
0.507424439348
0.697173653986
0.785153884812
0.366037125009
0.599993587674
0.5897238345
0.999999928246
0.720818646036
0.585967864397
0.662570605778
0.785509088734
0.616060583248
1.00000016315
1.00000009972
0.453537627095
0.848219120928
0.92343679531
0.692682986114
0.678063960054
0.662133192054
0.76990875537
0.776895800793
0.736924099643
0.646972521454
0.622879491682
0.843050867382
0.762171462406
0.431438270692
1.00000010267
0.59669715915
1.0000001213
0.999999941313
0.292896803007
0.819226073535
0.845367362471
0.7750735216
0.710430235383
1.00000020737
0.554442571682
0.58458961167
0.91687261139
0.447678812968
0.911629838456
0.627866478655
0.794332591947
0.889183834049
1.00000006818
0.748388884966
0.79217232041
1.00000003613
0.696399116872
0.401380479335
0.624345649831
0.40969229093
0.511067938576
0.999999971941
1.00000011925
0.743125018055
0.99999995277
0.736067517976
0.632075610221
0.999999989461
0.706232963505
0.440061961749
0.712206046531
0.756319986111
0.799903912712
0.636994043951
0.678711520575
0.481094279208
0.918402709578
0.649616359299
0.677690419206
0.835322476644
0.776801617506
0.552836148466
0.6958797193
0.905387673551
0.691598284793
0.708886767825
0.561016503511
0.79217232041
0.898306895036
0.486142538164
0.854032911785
0.889385942032
0.699091911537
0.561445443408
0.918402709578
0.814006845142
0.808241917233
0.782209582703
0.797178424384
0.86006565131
0.885190042775
0.802417985263
0.652774187003
0.729086033393
0.655308628509
0.938952218451
0.86619786361
0.346847768036
0.691300764918
1.00000001277
0.712917308639
0.653237822548
0.65264701011
0.673210062966
0.725601571557
0.638136832139
0.772309455587
0.742732979132
0.703323823112
0.409448126474
0.62279220253
0.824346811891
0.545340282356
0.796556571468
0.775514176829
0.445018451484
0.758144181364
0.745456134225
0.487567117541
