0.188045312814
0.591461128482
0.955159104692
0.562810163699
1.00000004473
0.484460440227
0.405644036031
1.00000004655
0.5867804311
0.864978826603
0.283341433319
0.199867900408
0.573111679738
0.857706640576
0.585421168399
0.187853553761
0.254654336931
0.51574733241
0.99999989461
0.586886703623
0.454130739267
0.552168430643
0.668923633137
0.548085106063
0.871250858212
0.338183779929
0.778338722628
0.733058959324
0.999999996372
1.00000004261
0.414574375608
0.323788638091
0.878088784364
0.784970703829
0.595039462713
0.378722192876
0.437678469746
0.374615140896
0.962509404987
0.740033560562
0.349245477817
0.569995458717
0.598300558644
0.664154393819
0.849553986441
0.527720089355
0.503002311134
0.606102627396
0.743254944491
0.915215720285
0.480353798469
0.568172747075
0.74248707117
0.835197204023
0.916811978114
0.216087263944
0.533229260392
0.694185566586
1.00000002289
0.827974639045
0.132838355334
0.745793077382
0.675615987911
0.760046359656
0.807263790145
0.311780082576
0.394874147721
0.329582446599
0.828572751825
0.880739535337
0.25367684697
0.538665575492
0.590486516852
0.679784534881
1.00000008366
0.338657179565
0.960238398721
0.498726527198
0.729708695954
0.72727099755
0.107070775356
0.434098732223
0.913620917131
0.999999936659
0.390441510939
0.459038204163
0.377716143386
0.518101008039
0.896816529608
0.606215988994
0.117178088361
0.226779687747
1.00000002333
0.677980794536
0.999999994805
0.186866048819
0.715337053947
0.598300558644
0.8487079595
0.898476501355
0.113434916475
0.706965659183
0.289443137842
0.864978826603
0.694305937822
0.23593172286
0.371058005603
0.541316873647
1.00000003621
0.999999984905
0.409823469308
0.254689178279
0.89231998968
0.476997629626
0.761744585532
0.336282673201
0.0472711842579
0.45839300134
0.721882967973
0.683943364321
0.249881669594
0.853213032775
0.557484843405
0.82642862666
0.81490879794
0.18265111324
0.349468852816
0.833346887233
0.787750520648
0.807671358776
0.329279032856
0.735673597454
1.00000003789
0.846323688864
1.00000001727
0.436808574347
0.409263742485
0.711884746519
0.927356677042
0.864978826603
0.484190074491
0.523109705576
0.584701883892
0.755581909069
0.686378473234
0.218919219693
1.00000004127
0.499814594687
0.999999965633
1.00000006942
0.240845398828
0.305533895681
0.839489507413
0.905117273593
0.636743011719
0.296631305057
0.601620250378
0.419270536399
1.00000001944
0.824082553455
0.468741543097
0.31992981221
0.739117399952
0.885802481514
0.904382088118
0.260639195532
0.625502281072
0.7402571127
0.864978826603
0.908227308344
0.287789025627
0.37931335993
0.54783925187
0.999999955819
1.00000007769
0.287302237366
0.525172537153
0.679151020238
0.80473502805
1.00000004503
0.563576739917
0.416198404622
0.815555185757
0.788418432366
0.913620917131
0.262627626708
0.495238622741
0.825011483998
0.691455023991
0.842493340051
0.202998489073
0.369448574973
0.826437067918
0.892543468712
0.798370603856
0.364870890786
0.281217952689
0.595006207848
0.75569658335
0.835737770696
0.522699742657
0.0986332198082
0.662692942642
0.92145627932
1.00000002301
0.387730772392
0.604055116131
0.636761211951
0.645384183661
0.743519838072
0.273130816336
0.917077847575
0.495238622741
0.645033606938
0.754675657079
0.389229923232
0.692541153025
1.00000005444
1.00000014882
0.515416062498
0.388545120249
0.508500816141
0.716166849725
1.00000003482
0.573493106553
0.390131705917
0.396543383324
0.568207771513
1.00000004949
1.00000004285
0.117878154712
0.330900378591
0.497386699486
0.84183908722
0.940329682893
0.38768925421
0.389913775552
0.704510765955
0.914310890621
0.922123798092
0.70480973566
0.141724101019
0.999999980273
0.44957936194
0.876015686383
0.46883454527
0.253869673413
0.802831210304
1.00000001645
0.893195185149
0.473185635624
0.622100247351
0.778441633311
0.835197204023
0.679399725475
0.241019140246
0.843490046756
0.508424439073
0.842762818604
1.00000005265
0.132412789643
0.49830130574
0.587592929053
0.534268074654
0.687701977337
0.362891166997
0.553391904088
0.794610438705
0.999999996464
1.0000000252
0.192257206192
0.520317404784
0.999999990087
0.99999989461
0.582236605779
0.270249167154
0.313095974448
0.718485796682
0.99999989461
0.751877732664
0.67261182725
0.540717853698
0.614049628544
0.524483099602
0.716142696519
0.249665252162
0.827576522203
0.88388305636
0.60977978151
0.858926030349
0.518826789967
0.359059035976
0.402227144158
0.822777713238
0.999999972278
0.176756942727
0.100418485207
0.4822019559
0.717607437407
0.78577242119
0.471426375201
0.838868030577
0.48666938954
0.696963044439
1.00000005933
0.328577164291
0.399475596617
0.717588507975
0.742576955
1.00000004285
0.320394202262
0.224161672975
0.659479702862
0.902855126947
1.00000004823
0.255430308972
0.77124159316
0.672536759823
0.864978826603
0.795182467816
0.562093262687
1.00000000169
0.544137844176
0.79875950967
1.00000010587
0.131834090749
0.413714428364
0.630312075289
0.511137933959
0.826403859362
0.289007349877
0.691455023991
0.528288843389
0.680820199494
0.849553986441
0.261061087716
0.431910334409
0.802283881026
1.00000001767
0.939866204729
0.231053724918
0.717670962648
0.973121586532
0.439524787921
0.824395369482
0.166400970112
0.587042331532
0.737433300582
0.999999993186
1.00000004194
0.242920109334
0.333028470697
0.753777712578
0.511344675145
1.00000014882
0.175603446192
0.766203789007
0.714602935867
0.909081924193
1.00000002427
0.131677644928
0.554582880942
0.674446884413
0.699394867469
0.95545835811
0.164369219606
0.513981363023
0.675988368118
0.759314164304
0.798320821085
0.629029603699
0.387356275481
0.512169467079
0.913620917131
0.75147376172
0.301011993577
0.368861528018
0.874822890678
0.612569946332
0.805724075565
0.117032064952
0.739835267336
0.642185182112
0.72509044964
0.812731172233
0.245622354756
0.680315625717
0.523109705576
0.625494046998
1.00000007975
0.301224444805
0.0928814354567
0.892543468712
0.751643387259
1.0000000252
0.159249864963
0.593905964936
0.535186467958
0.81643695055
0.934146580041
0.15089946473
0.853018595594
0.870283303157
0.864978826603
0.830128685367
0.191104403867
0.425782290409
0.835127916135
0.763340392387
0.864978826603
0.73497478403
0.895131894637
0.999999870895
0.712762004411
1.00000004645
0.250235781497
0.655989203285
0.354681329161
0.939730856037
0.999999984905
0.362029633574
0.559770028374
0.717607437407
1.00000004575
0.784706558409
0.43840797021
0.652121874157
0.910521926692
0.6680812186
0.596364965896
0.431718316618
0.0930367915738
0.32300673943
1.00000000914
0.810473442781
0.363367153085
0.374008158855
0.999999980273
0.449471206561
0.715337053947
0.823947903746
0.655267152587
0.673650684332
1.00000006589
0.828200140932
0.432244378381
0.3120348008
0.608952046018
0.653641481176
0.805816753299
0.432352561109
0.498199647507
0.65515674582
0.55398732677
0.653239019838
0.154035018213
0.55397190127
0.537697773761
0.694497503221
0.740047323338
0.40469606131
0.717607437407
0.534084467626
0.504664799312
0.614117022893
0.472562479956
0.537500410301
0.81490879794
0.887031966863
0.999999956498
0.622586934038
0.713432305941
0.753203259715
0.864978826603
0.611030864233
0.83026789085
0.887031966863
0.866117252402
0.911454617951
0.780354927663
0.128675856946
0.551671608041
0.579321770538
1.00000003782
0.752935803483
0.296146493165
0.727546465411
0.756253523817
0.727551418338
0.719666983859
0.353709683077
0.760460343767
0.828572751825
0.825502056432
0.741992626811
0.246230443277
0.283658279573
1.00000018477
1.00000010093
0.854340895325
0.387317634396
0.783848294329
0.812054946876
0.896269534434
0.822466593972
0.124306071295
0.913620917131
0.930330567839
0.827034481916
0.999999993186
0.467378459221
0.351333656056
0.490532108613
0.740657950682
0.862412400972
0.114764951842
0.646832206191
0.572088749728
0.877726430419
0.663929042627
0.384050053008
0.680315625717
1.00000003204
0.941083826574
0.883949288379
0.524400474754
0.823947903746
0.999999980641
0.905117273593
0.500619147806
0.143227009365
0.797908315955
0.495772141655
0.56906299162
1.00000003779
0.340436700115
0.724473823442
0.864978826603
0.545697005291
0.687701977337
0.375334893535
0.710749766764
0.577124862217
0.81490879794
1.00000011155
0.292452683476
0.285753336118
0.711051728055
0.798796920128
0.819934524555
0.172960435637
0.718058690259
0.72509044964
1.00000000735
1.00000003099
0.295157375988
0.62745576523
0.534849298899
1.00000003099
0.588767627289
0.579928527211
0.536817305938
0.677017920185
0.808914561273
0.561659708638
0.504237078667
0.278616751209
0.643216143099
0.77198597068
0.812376099464
0.360393590186
0.439909106389
0.508675286112
0.864978826603
0.862412400972
0.356965806036
0.711635908863
0.864978826603
0.860173307514
1.0000000415
0.261555215008
0.601902263909
0.294495571843
0.571309541358
0.786179131706
0.196623743958
0.369359061105
1.00000002433
0.667116738688
0.510051072266
0.472508015203
0.57271360238
0.866297215088
0.54783925187
0.917571695751
0.342772307362
0.376411359091
0.923987968622
0.99999989461
0.683833030405
0.223826401445
0.443293352792
0.999999941747
0.753895939084
0.868479065484
0.447482909887
0.541045707781
0.482588298841
0.817051949028
1.0000000355
0.387660779677
0.43229201158
0.912859547054
0.613451603261
0.830189034798
0.437832951636
0.881236066599
0.613868397802
0.864978826603
0.905442498646
0.128741771939
0.999999938427
0.547585847066
0.919334062922
0.810473442781
0.236813508722
0.580012577463
0.362821096757
0.711609452004
0.658929691037
0.0840591629539
0.358776021007
0.351609302216
0.801820745821
0.925637546779
0.221223835507
0.288411864239
0.832199437572
0.363767005275
0.780208423199
0.253949561694
0.312128158096
0.658381658229
0.729475528191
0.896733389848
0.154403863982
0.917077847575
0.884859409591
0.808118720795
0.885913971239
0.339711595815
0.470469885636
0.516244627769
0.726333829677
0.869296262031
0.202405790062
0.449951536649
0.860176557631
0.88673409228
0.825553257436
0.169881762366
0.56865868908
0.713432305941
0.864978826603
0.801767201088
0.358052343693
0.705648588913
0.81490879794
0.81490879794
0.64301373423
0.127304216768
0.788672597648
0.751557997646
0.905479292925
0.923987968622
0.350178224419
0.421173654727
0.447635978187
0.649430260204
0.78045866594
0.462525012271
0.297763468759
0.614860518059
0.719640779086
0.864978826603
0.333890983012
0.776914936136
0.716901315836
0.864978826603
0.999999962353
0.353881991724
0.462611019305
0.760483480543
0.904138845376
0.683313264675
0.59794811989
0.717102708659
0.729954041749
0.592267495028
0.8540513051
0.18541923624
0.691773706181
0.778441633311
0.837638086286
0.926480564402
0.336309037529
0.486458177292
0.776666889095
0.841935465559
0.797661360989
0.369687490014
0.354936402208
1.00000005393
0.864978826603
0.801088977756
0.15154420426
0.277863094727
0.387962444389
0.738610649181
0.80369177397
0.19770234377
0.745419106401
0.951620717723
0.654437767507
0.999999971929
0.286558766892
0.678439784508
0.792080970138
0.892543468712
0.653841107055
0.33055936052
0.359301935953
0.858311951021
1.00000002849
0.855133492764
0.498745360128
0.505572732183
0.55461936315
1.00000015233
1.00000005674
0.241066062929
0.540102984453
0.684579482267
0.618133378348
0.791067249948
0.38257110478
0.463203536373
0.999999980273
0.720233470022
1.00000012876
