0.53674065377
0.531327829556
0.755344696837
0.837748018073
1.00000000744
0.648296053464
0.532105153763
0.748323377205
0.669433546656
0.736940099464
0.781957850371
0.896185323494
0.86025375767
0.788887278135
0.574883866708
0.766380168356
0.893262973997
0.757016250326
0.600582406124
0.488853605477
0.424801118684
0.421428265108
0.703673346407
0.782982055246
0.623796678179
0.855004305836
0.382618387566
0.746246377773
0.243800613419
0.86297873831
0.707597108083
0.765322504738
0.356809653693
0.768991331953
0.743595729016
0.652907889146
0.871317163194
0.77060281621
0.645050079797
0.831868659685
0.95569068934
0.808984791344
0.611735228474
0.83971076799
0.404159646542
0.882647527515
0.756847365416
0.611444746568
0.826984530959
0.81474151175
0.772141200182
0.762398111519
0.645231136519
0.928349249762
0.687488716687
0.900516497228
0.617163068062
0.491423246583
0.879557628151
0.473449122225
0.703417775952
0.749633817888
0.5202276081
0.714683204892
0.836345908111
0.838626177386
0.952671972368
0.481626263822
0.750928535154
0.604939724602
0.870931695279
0.770086274428
0.730818125061
0.655373720189
0.602853487672
0.727492862421
0.665109744761
0.797752571357
0.885039072238
0.662664856355
0.631952891582
0.624341682567
0.369780708263
0.417851700047
0.375686735463
0.467952183445
0.321678811291
0.846606665843
0.548281608091
0.501606152505
0.89133164695
0.442114134433
0.406885386028
0.864345656141
1.00000013907
0.701348438378
0.573347763186
0.879763256043
0.377439756134
0.957046210217
0.616380193015
0.503890876849
0.155310132348
0.556651774843
0.613902745201
0.815689394006
0.677763050908
0.790638636252
0.506024618638
0.880415310474
0.812647094064
0.810741446504
0.763170836527
0.293801393896
0.483375773211
0.609435760186
0.527105569476
0.607501450986
0.730840902821
0.757931503894
0.581780690699
0.680064385954
0.622188221334
0.428814398541
0.884597279977
0.646541753206
0.898856606236
0.939122777395
0.690225270692
0.948238274638
0.51184582865
0.297401788554
0.55048140278
0.606009112012
0.321232226182
0.725480685666
0.850677335021
0.727965638088
0.856046485554
0.671001654929
0.372984188971
0.604081774927
0.9999999562
0.490766684393
0.698882272324
0.59267472855
0.672208304178
0.439003354444
0.765053670032
0.554155280484
0.957046148449
0.929907525877
0.769621131462
0.289625841374
0.867692535432
0.789690372522
0.574916123297
0.761068573449
0.448262488672
0.859568080959
0.948782867981
0.97033786625
0.507935120484
0.595956511688
0.751850976323
0.647163147939
0.452156961101
0.866044905726
0.817007879904
0.992906122285
0.55459732203
0.68568966945
0.445710879205
0.460785409839
0.929417998619
0.644861912497
0.429764924933
0.422502825795
0.84762494931
0.672334132528
0.841266824524
0.378590481418
0.57625158075
0.652222895651
0.486682009554
0.808888192783
0.718774448765
0.571375902061
0.76847378796
0.406795949361
0.882491786975
0.892901577599
0.808578091122
0.413032506599
0.728790399152
0.289676247143
0.621917268176
0.819802149715
0.806980793382
0.893572311269
0.374084726489
0.626992448041
0.887966011804
0.479833257704
0.880719770355
0.859364112766
0.60480401211
0.609735055269
0.574038235637
0.592034232218
0.843472938134
0.606701406423
0.899373556805
0.88999479075
0.511781348706
0.394567721613
0.373455562495
0.863185668102
0.630396814577
0.934804814569
0.808292379377
0.347916697823
0.515212053718
0.414182902242
0.51033877969
0.764917938688
0.741407284188
0.581240536416
0.897163277279
0.565242022049
0.822513575443
0.42162504017
0.758465921283
0.402822792439
0.632532339036
0.771297897054
0.15485909609
0.69939105653
0.604060530679
0.679761752095
0.657956741002
0.524101878386
0.853520537848
0.557794269739
0.572650720337
0.796904598753
0.468590165265
0.515781159871
0.75112267217
0.486594217461
0.699788926101
0.307935492928
0.935963683961
0.684370376262
0.691575693273
0.638997667094
0.610796829593
1.00000000227
0.665033951736
0.764535933036
0.555886538659
0.367077902392
0.88015125455
0.682198031488
0.634489176544
0.53813223368
0.589052391743
0.360630489835
0.545232951714
0.880692227334
0.771134095741
0.30621292183
0.842778883086
0.738859178625
0.748218720154
0.842917511057
0.483312669989
0.734865737028
0.638384948777
0.820316094029
0.334181916841
0.972391759155
0.740625123995
0.73566606537
0.793978577511
0.260246227385
0.352111523245
0.623598947875
0.347642169278
0.523544653061
0.951742491717
0.55310178483
0.768072446743
0.567610829924
0.779528581186
0.0880173269809
0.430998334553
1.00000000341
0.799484660767
0.556200542842
0.945385047095
0.443297004488
0.244179311168
0.44990157959
0.901405455378
0.995771134867
0.48955501222
0.888967688429
0.140127195304
0.548573494202
0.653956878492
0.798390048219
0.915190046514
0.898878920077
0.82885621786
0.499002371606
0.503639483803
0.50121406176
0.257043959376
0.814487625548
0.902711079079
0.474607423597
0.248696601757
0.579478226816
0.893038778358
0.81988860892
0.856178403
0.675437712935
0.917505069391
0.999999951804
0.574496064405
0.460122842152
0.448181022156
0.766446541386
0.999999967808
0.90557182821
0.54101948676
0.255617167734
0.535514722108
0.79113259289
0.286995927582
0.554964353224
0.775269115144
0.753148609652
0.586732850009
0.824607629133
0.615499293767
0.623143950182
0.0948678702243
0.596989508844
0.859467830494
0.869874915361
0.535805214134
0.965267334212
0.587297653525
0.37598993752
0.542228621754
0.539244367628
0.870056307609
0.581390334421
0.447378772867
0.875490485136
0.81308763612
0.447854608129
0.33312202658
0.656631801414
0.594958441844
0.563249599164
0.500748291498
0.381674712944
0.549186327124
0.655666025106
0.71500223937
0.842289683155
0.795369586042
0.577051596999
0.549343574312
0.683378441182
0.451607707564
0.366897561136
0.479347948017
0.784833200331
0.450344867675
0.85086592125
0.813593921097
0.660588453484
0.905308194755
0.408966983895
0.663240029728
0.768194660521
0.693462257056
0.705631612166
0.709279555554
0.501954561464
0.738096021729
0.496050816075
0.506350911615
0.786328132277
0.542974664331
0.808443835147
0.749106015605
0.513984844207
0.519065982624
0.739881654343
0.767120792897
0.342978123311
0.739077396198
0.561628875286
0.452672782685
0.733599205349
0.527926192371
0.885878892559
0.762665704521
0.734397198551
0.384640807698
0.512951245112
0.498327328181
0.44061131175
0.468750645159
0.596863909812
0.240716685751
0.999999969328
0.78464045099
0.734964517755
0.737024816998
0.558293976611
0.577299625963
0.704188273461
0.691266316183
0.587789283837
0.889113907788
0.576769176225
0.876742942827
0.30227492526
1.00000000363
0.362165619326
0.610613250576
0.786382836882
0.413843756332
0.685297339744
0.344161390081
0.738256015622
0.579429451185
0.516824507559
0.96444507172
0.95179534235
0.898342102998
0.856022614114
0.458187471047
0.732827178665
0.514984004337
0.825486066718
0.56645204674
0.531045448911
0.655364830837
0.162543479338
0.680199456562
0.920877884733
0.618933396047
0.624258320468
0.873808156475
0.642134037902
0.548175360362
0.420142247926
0.767062876799
0.697797668644
0.477337265297
0.435205145234
0.721868312345
0.700195978098
0.274287003205
0.783325118991
0.480005871149
0.734696340692
0.416089733286
0.739665830167
0.620408242738
0.448493262426
0.304430760312
0.723276812629
0.668408259373
0.159174171853
0.536597044397
1.00000010149
0.638314960194
0.617694796167
0.746827402077
0.140703671406
0.837148248581
1.0000000771
0.76764805399
0.882865841409
0.909580698755
0.94082077845
0.451837157817
0.687007560102
0.663644855534
0.539158424706
0.80123522972
0.686013596334
0.659235926278
0.339952134339
0.755344696837
0.711364011023
0.956366815522
0.555195556202
1.0000000175
0.290718839775
0.893339230162
0.711838901507
0.865912838391
0.7244342957
0.525022260315
0.677726156335
0.259842769188
0.746186124288
0.75256614307
1.00000002699
0.566664099321
0.838878418868
0.665319936154
0.649780354856
0.759686536801
0.274300441546
0.497194532918
0.870789408162
0.541374166095
0.674976614854
0.684882430787
0.91485257616
0.807002795827
0.677312703892
0.475773043957
0.517000543516
0.864595911077
1.00000006404
0.819891293256
0.978667031145
0.673559639266
0.672505512032
0.788338319891
0.651960964373
0.862194190115
0.109958603974
0.629688329021
0.574686099507
0.72838272796
0.721987691552
0.629616000067
0.323443376757
0.643962472605
0.147022589938
0.814412696409
0.668958099237
0.476694994845
0.773121244182
0.759327357576
0.426974294937
0.791991502975
0.690714981297
0.386239061615
0.774092182321
0.88051452446
0.276850990159
0.774275526356
0.940657755519
0.324722830331
0.476572374299
0.653867396554
0.850641286888
0.689946223941
0.797316054307
0.478222807256
0.836791587453
0.719155642301
0.810869643488
0.367609249862
0.849911682034
0.550121390125
0.663277918657
0.470640057254
0.258074605222
0.76811253446
0.912494068433
0.868065302719
0.472837456062
0.837003631441
0.420527639715
0.615115085517
0.741918208388
0.710800465444
0.831757026509
0.810777812588
0.483776734381
0.733110777786
0.207775608336
0.86532241668
0.46350921386
0.780932614385
0.784712070515
0.905993688124
0.737529158718
0.611891293679
0.521709236586
0.925445828059
0.726627477724
0.736063255172
0.518550787949
0.727347486964
0.678757142019
0.480778129286
0.630750807524
0.342707379531
0.4240738485
0.335078738048
0.689120492268
0.70803722925
0.921436772007
0.337608940093
0.552790031633
0.448814039091
0.832933071668
0.408934366851
0.752129749971
0.853438914028
0.709519353966
0.999999919495
0.762632428555
0.939337280081
0.830975911403
0.472484905882
0.726492367046
0.4986074552
0.543104782148
0.43962174792
0.815689394006
0.72039414967
0.467020493716
0.450991585042
0.802017426341
0.474944993671
0.440386426075
0.581500891332
1.00000006078
0.899387832776
0.79003135633
0.769539110448
0.832615680666
0.604106629549
0.853383560611
0.479255859352
0.569771356103
0.662572451988
0.657152888524
0.824666906688
0.74329286703
0.722675885038
0.622106515757
0.924746187005
0.722110911276
0.717714564977
1.00000006398
0.698625514713
0.307129379104
0.901244675923
0.117137557652
0.552293723371
0.854411109097
0.705007056281
0.726856355093
0.627671960988
0.592470518703
0.793161285819
0.882514363262
0.611235362573
0.409302382579
0.935699500812
0.912076926199
0.749195425918
0.780814660007
0.735594237507
0.740094133983
0.673688723137
0.62801959595
0.643694713081
0.33352249376
0.585097376667
0.872011040379
0.274668866099
0.767437844226
0.589662104358
0.999999935616
0.95069067025
0.617526311081
0.468287393118
0.692916908217
0.354617416943
0.53349028152
0.898109871291
0.731290982215
0.916280722392
0.823480654823
0.515663237975
0.735727626824
0.312353639623
0.136350665361
0.737853771632
0.865381387936
0.733931742115
0.581470449842
0.513548004503
0.999999998839
0.626842163866
0.199030332983
0.566018461092
0.549286777267
0.927422366252
0.74782204508
0.859002222575
0.758847430528
0.845122086333
0.760501968089
0.642421778813
0.56567671148
0.399308845801
1.00000002942
0.356974204898
0.218639856416
0.690257175286
0.513677026872
0.709048548622
0.645111631898
0.362979318293
0.713530849185
0.920191327227
0.438983520363
0.960993031048
0.538343888324
1.00000000641
0.528169461469
0.67029716222
0.845769194881
0.89994262645
0.456731391321
0.767254395416
0.87847981021
0.659745312741
0.819753941538
0.834668061457
0.679242503537
