0.856590268813
1.00000000701
0.851240019384
0.588964289587
0.675643044398
0.805808233586
0.99999994662
0.67402896365
0.76894034832
0.494235692726
0.631559871225
0.782072383205
1.00000001608
0.999999999578
1.00000006194
0.377602797565
0.809974003714
0.999999936206
0.577447058825
0.681425028575
0.885451151226
0.999999981422
0.855745829291
1.00000000248
0.673606011203
0.999999978731
0.705327940081
0.762889819837
0.742955999481
0.627866478655
0.999999953499
0.999999998946
0.817588779536
0.513563964709
0.748739840059
0.860731791646
0.814993412741
0.783680812551
0.939097294069
0.600064715962
0.547331780252
0.999999909817
0.46105522009
0.659637049284
1.00000024013
0.512301514851
0.537186061004
0.999999984877
0.629570111416
0.842112340935
0.885451151226
1.00000001235
0.763058707361
0.687330582877
0.532710400963
0.613956701135
0.91687261139
0.747493745996
0.635374939282
0.767847670673
0.661159025243
0.542165207355
0.72836385828
0.601390677361
1.00000010419
1.00000001854
0.668289582994
0.73624133266
0.909686750551
0.770448387548
0.622103774918
0.765337127451
0.487479715603
0.716483375383
0.802284360089
0.714599422161
0.500867161089
0.685440877205
0.710689494731
0.471211597553
0.778882007069
0.322722141543
0.74098795229
1.00000010419
0.656258610072
1.00000019758
1.000000159
0.582747904004
0.564498247548
0.826729040312
0.477523429697
0.705150677826
0.844746009178
0.463657604112
1.00000005605
0.873174012272
0.592561909932
0.553335155632
0.999999953813
0.81186062528
0.689577255709
1.00000002241
0.438901707032
0.743798839366
0.775261991415
0.767966808127
0.691079599754
0.789998940096
0.526849285511
0.76454113971
0.30127989571
0.504054000111
0.679932303681
0.67302508513
0.62259711238
0.674369651668
0.836030326375
0.553567762409
0.622529853197
0.649614113851
0.57022547542
0.842112340935
0.878648931347
0.497386887686
0.492559054558
1.00000024492
0.748673830544
0.807928632391
0.677197708093
0.99999995277
1.00000001173
1.00000011129
0.616060540086
0.999999917928
0.999999959033
0.80312343733
0.810918372027
0.840972556845
0.760784121755
0.717857703982
1.00000008733
0.999999943592
0.715104553056
0.604700307172
0.497913630105
0.500867161089
0.745065015256
0.666140157367
0.389419756558
0.767730057099
0.264794823218
0.718686598809
0.650482115055
0.807311881862
0.761065942136
0.775468981478
0.669321137888
0.608800491077
0.862288332122
0.543688210981
0.63155987726
0.752196124377
0.629066409007
1.00000010419
0.776269140472
0.669131842757
0.662092258233
1.00000008346
0.565635919241
0.636564040178
0.889385932499
0.576006129736
0.556988411161
0.846694058763
0.828710980022
0.713366221629
0.91840277105
0.500112554734
0.786920558752
0.78081069493
0.634756085057
0.564092670472
1.00000002322
0.457912171807
0.617763348961
1.00000006323
0.631080273335
0.93577917184
0.806612058532
0.514923602033
0.814477779228
0.822589240131
0.572079353606
0.69460205429
0
0.803463035769
0.726157091093
0.999999962758
0.472072226797
0.807282457104
0.88182191031
0.468035984244
0.704437501052
0.899697399599
0.715407017997
0.738706135629
1.0000000433
0.598230478373
0.699043903899
0.887381582448
0.794094631473
0.810623632718
0.866071670084
0.780575916766
0.540550764613
0.636781029426
0.699507787088
0.680621304625
1.00000007452
0.0528903655398
0.763058707361
1.00000005672
0.743712538389
0.788107218085
0.999999949249
0.483363652056
0.372031371065
1.0000001396
0.592185112736
0.658661982371
1.00000001289
0.431527489578
0.999999972141
0.840228779527
0.514647615922
0.77749147663
1.00000006194
0.611151022711
0.785905794962
0.78356376123
0.743065284638
0.589675043804
0.899697399599
0.649527681964
1.00000006751
0.759423151546
0.721065866462
0.77183772293
0.918401702208
0.99999995277
0.471211597553
0.695865371886
0.666121414044
0.46531363158
1.00000001127
0.57022547542
0.587718842824
0.895880018018
0.794120091961
0.517986769487
0.82215913514
0.431527489578
0.577012960087
1.00000003947
0.56241967767
0.691475995918
1.00000009972
0.784874585167
0.999999919683
0.563522363021
0.714022185532
0.780463889998
1.0000000302
0.820273463765
0.718761754127
0.633888470684
0.831272328898
0.744307221982
0.717577581828
0.751829535393
0.898347874857
0.806856853931
0.725661451726
0.716590011787
0.776269140472
0.438901707032
0.65529145802
0.712206046531
0.585704068564
1.00000010419
0.873850225531
0.831832982365
0.628574997229
0.999999973279
0.689576554367
0.765207216287
0.861106800289
0.613116821163
0.651754738465
0.911629982312
0.512845013768
0.76454113971
0.722438831631
0.558216653385
0.525169629305
0.999999976966
0.940002276146
0.72546630249
0.840972556845
0.529985160168
0.728523956002
0.723772015538
0.49895553229
0.810808512296
0.773105504827
0.387862012506
1.00000012847
0.712443765981
0.455836649826
0.999999981924
1.0000000891
0.582042449237
0.999999996145
1.00000006087
0.561016503511
0.476761985179
0.683880834918
0.598189985895
0.70090796013
0.785153889266
0.253303114055
1.00000012847
0.554266739213
0.703219219201
0.858545468956
0.38983040114
0.597167559286
0.785509079993
0.616060540086
0.724362874203
1.00000009972
0.380061484643
0.715637900159
0.91687261139
0.581775460401
0.674937076515
0.748441617991
0.769908753911
0.776895831999
0.999999905397
0.561016503511
0.707513179223
0.72693025481
0.707480390744
0.618298033857
1.00000010267
0.650103504625
0.743461253789
0.779186183884
0.257539324225
0.819226079403
0.845367369021
0.420440529748
0.635278855462
0.691988654572
0.754578978535
0.601218069364
0.92343679531
0.588065951673
0.708108401006
0.679240581399
0.560825847158
0.647623035263
0.876540622288
0.679894163788
0.77749147663
0.863217210272
0.645204066242
0.459220479155
0.765711240267
0.369963348196
0.593929225429
0.844028129252
0.683571765055
0.99999990485
0.81909466181
0.657972733106
1.00000001344
0.761838637826
0.767075867808
0.423013505471
0.712206006198
0.678836683034
0.69460205429
0.681036019817
0.40614085526
1.00000010419
0.91840277105
0.837020303193
0.801173172895
0.832319833497
0.69473090644
0.999999975442
0.765383163861
0.753931005911
0.532795590174
0.72120324051
0.646972521454
0.77749147663
0.731226026706
0.472072226797
0.653821084978
0.889385932499
0.40297491887
1.00000010419
0.91840277105
0.616426771164
0.498402891692
0.782209590477
0.795557963517
0.860065676063
1.00000001449
0.588775855282
0.850154447613
0.911629982312
0.49797261112
0.82237455127
0.86296877858
0.498167321663
0.86766859519
1.00000001277
0.439062101817
1.00000017465
1.00000016741
0.77729869159
0.559032564787
1.00000001577
0.642017686532
0.650243102346
0.840972556845
0.4389159588
0.62279219185
0.697767611645
0.532715229382
0.821276241481
0.603919747194
0.443118336993
0.922498072445
0.999999955873
0.398331104511
