0.654550026817
1.00000008286
0.765836940455
0.861270008674
0.587353536523
0.221767934272
0.842878698735
0.589887860986
0.839402057669
0.661472977409
0.619203321174
0.449933757829
0.842027873881
0.485933586477
0.80009610989
0.843806415226
0.522865350705
0.350881023262
0.999999970816
0.627631594669
0.536007082312
0.857289642933
0.543027574788
0.752379631269
0.447474800951
0.698618672178
0.916194196257
0.73111611625
0.654878837446
0.461515842823
0.591940210618
0.752443417365
0.758528962242
0.522607139721
0.406648794809
0.606281284778
0.941102285125
0.630049522768
0.874445859559
0.595287200209
1.00000009172
0.725509361045
0.788623251416
0.645018324813
0.385449157
0.51888823286
0.501194969773
0.691253141306
0.462861110105
0.804974411507
0.519639074814
0.752079481872
0.790650893229
0.562278669847
0.614657428728
0.837988920169
0.380778230951
1.00000011535
0.633201169391
0.638401350871
0.494875063189
0.632975917905
0.674782043698
0.51598763585
0.670694923339
0.805424928529
0.512185221419
0.638611802596
0.571879342038
0.379962731893
0.656441928844
0.62375789265
0.906770740773
0.837986637907
0.698286524685
0.72781869833
0.729372832049
0.65680820274
0.719360348337
0.427774160683
0.874481350915
0.695372229743
0.857221051597
0.420396871221
0.876289631599
0.404472343853
0.695987378283
0.713841685078
0.681439847901
0.95328023316
0.756319978769
0.726480839734
0.601543463209
0.721050234569
0.702631047175
0.806992751022
0.782125084598
0.594173482386
0.692858335575
0.478998468959
0.450106449396
0.599726493405
0.687207017256
0.801949604076
0.329151792327
0.89685267735
0.352520540471
0.883376448146
0.456491952765
0.907162794014
0.638949401784
0.741428518413
0.484245632135
0.894327773263
0.765119048365
0.870322913613
0.329071778192
0.980898283784
0.825419839397
0.732394068917
0.760578138866
0.778911850468
0.778911850468
1.00000009169
0.867053612099
0.436740501901
0.530293166415
0.62713034256
0.624454934219
0.257485016157
1.00000012858
0.845180810253
0.438432987595
0.554299274682
0.851056505388
0.56536830982
0.903401482642
0.519772914561
0.698745316807
0.454528333091
0.72956420289
0.686543286275
0.549618740132
0.884820527585
0.592465680537
0.783577369116
0.48842571882
0.836074507002
0.722649757114
0.388410011347
0.530564500599
0.864616442962
0.621733374405
0.704414134718
0.683323217983
0.797701078285
0.919539302793
0.599258026167
0.526717293519
0.673227442719
0.588715531788
0.469481969049
0.936717549744
0.6335060389
0.682787589524
0.114654328727
0.70993715293
0.705961419811
0.733917645299
1.00000015849
0.415418378826
0.622976253839
0.53232534602
0.645900621191
0.641457506472
0.480633717594
0.583576319425
0.646669609035
0.316924160452
0.666399039094
0.69594731475
0.75462236802
0.944351456886
0.65305009267
0.689193896197
0.607875875791
0.76953184633
0.693389272643
0.600689521149
0.999999951498
0.723861304131
0.831693517969
0.549933355671
0.900439614888
0.368871300465
0.921729642789
0.516709498832
0.637200785028
0.808498594739
0.881076725298
0.284244958796
0.405438773412
0.59640001142
0.716045317922
0.52820864732
0.610121335788
1.00000011535
0.55151696167
0.398234932013
0.431087515938
0.814482895431
0.634143378641
0.406734460935
0.801466355835
0.394587180809
0.51335583398
0.662915799993
0.785541605733
0.685251518628
0.481596108948
0.451286427709
0.560958732842
0.407754177811
0.580522350216
0.499884155052
0.542589486581
0.778059285838
0.643746052772
0.708742500502
0.859151301166
0.723584815489
0.38632123624
0.646170877857
0.821462201341
0.721485935508
1.00000007927
0.68408269402
0.794005573397
0.999999989445
0.586429291064
0.687994508513
0.83949839812
0.598053544113
0.551413525239
0.999999983085
0.311547222912
0.798114522212
0.884895674316
0.911749436876
0.451348567645
0.55766904237
0.83465731453
0.361145386126
0.724939135599
0.77839215138
0.792891584447
0.770977865233
0.661002830858
1.00000007927
0.889339301306
0.623440335073
0.742293592212
0.506547757717
0.593452361087
0.525464048031
0.574967472913
0.288479935685
0.538124694048
0.63874203804
0.865878157378
0.704601504874
0.371675251108
0.574804656632
0.743075406215
0.526195798115
0.498364342653
0.181585248087
0.582555856892
0.348833683074
0.480398225333
0.49007276562
0.706080630845
0.774037427301
0.638009202882
0.671736636632
0.511663106718
0.905940988518
0.804394073665
0.811033131125
0.609168169126
0.863954702416
0.646816245913
0.543423168184
0.279561578951
0.783076683528
0.499718953054
0.913281216726
0.680267555504
0.266176786885
0.435192896108
0.876246616506
0.750847295104
0.772991976686
0.763703428878
0.829712270022
0.793826378056
0.692294562281
1.00000003442
0.262771293749
0.749737715361
0.655945097061
0.50362896683
0.81715710651
0.652924027717
0.658473195207
0.71618013477
0.501856017779
0.601539832646
0.743969372053
0.785543563127
0.581428465395
0.804790163223
0.730250868736
0.574691196217
0.766945587225
0.667265680189
0.299175343153
0.34880426422
0.761595470515
0.52129351949
0.787087367138
0.620993472521
0.652662802154
0.394159358277
0.64790806061
0.558187030055
0.466514174157
0.745996472253
0.671863755914
0.845100645634
0.485105959882
0.821219188815
0.488326885835
0.689127531863
0.591332505562
0.611831847069
0.748834032976
0.356271346272
0.911291672314
0.443173481026
0.4790985589
0.881901738208
0.676758251563
0.844240719219
0.692876754651
0.524775392944
0.357907503927
0.871774854636
0.884547514294
0.786115884059
0.613977196756
0.676335837357
0.999999968053
0.64197487867
0.493087005467
0.821583135778
0.827167032929
0.688047644819
0.687557741673
0.734092421706
0.572198195989
0.816786478938
0.761531565514
0.767720808736
0.677831087864
1.00000008467
0.445655863388
0.79241248999
0.816562693264
0.590837421807
1.00000002856
0.703455047327
0.848768440013
0.612089653085
0.455310567775
0.716072188372
0.45365541344
0.60049987267
0.499054321913
0.938127752088
0.719973340237
1.00000002824
0.550409310035
0.494279085579
1.00000004934
0.305754081392
0.530955619867
0.37666946242
0.424546843252
0.463518651615
0.841328612931
0.680531438827
0.340097275859
0.559265681725
1.00000000098
0.801769225809
0.494292214812
0.403774779278
0.772921722889
0.663924282167
0.628968112062
0.848888140069
0.778599075226
0.680709820539
0.454633814015
0.853366698697
0.674584462041
0.84309159234
0.55656614595
0.591228823973
0.606373425566
0.761108762379
0.803366753211
0.797169740433
0.845180810253
0.754054642415
0.329877189207
0.61923195496
0.684308360513
0.880566053329
0.906464485425
0.67524637536
0.623064359957
0.606332457879
0.808464489741
0.227729887458
0.298861990722
0.610880384104
0.67293152975
0.693984749923
0.676211086007
0.616014001942
0.873890744938
0.600528691629
0.516984152213
0.619153033926
0.522487828854
0.806320601063
0.398014605377
0.462906801659
0.75610009772
0.88214211336
0.732482364811
0.723635240614
0.810301389003
0.833222101416
0.462931228466
0.389781785449
0.474623192083
0.83949839812
0.600865191657
0.949892839768
0.718314154111
0.488232475235
0.643020162099
0.585844544589
0.836463451407
0.937278602468
0.685945123588
0.889885507915
0.709246362918
0.763443703576
0.842710377416
0.941600339545
0.385201862781
0.864618372076
0.653828199581
0.65923579492
0.774072406343
0.662430985904
0.661858563874
0.624945952772
0.571754018451
0.504944711431
0.693367105525
0.768057184568
0.783805090585
0.592575300047
0.482589654764
0.999999990088
0.881038143613
0.557060990006
0.540785098451
0.478735787557
0.645630439354
1.00000012858
0.768253275893
0.606730036052
0.925171561064
0.686804515652
0.672100028471
1.00000004315
0.810569474822
0.585106295916
0.788057494687
0.501690218357
0.87813899173
0.415304370357
0.794856923398
0.86041963623
0.486217198038
0.726130135156
1.00000000268
0.533693874218
0.748383736983
0.571387874048
0.460760561478
0.762801315109
0.586194246799
0.626594071897
0.193085435184
0.527138082081
0.768057184568
0.651064024354
1.00000004769
0.931615516781
0.612808009001
0.478495365991
0.641147730875
0.886741955218
0.642075381374
0.640894193032
0.639632537692
0.853414212279
0.483907664736
0.8241102784
0.726835536852
0.757506477182
0.958710021189
0.821598772271
0.361124529281
0.651498941006
0.72333056583
0.429213957201
0.835413976069
0.877360708978
0.771526904585
0.999999986081
0.658956276367
0.580590916694
0.949892832059
0.676908558988
0.792222076603
0.879248058311
0.747525861623
0.435494994893
0.806078442709
0.55096734157
0.615936908545
0.88403706243
0.518678993169
0.373113863553
0.686476628245
0.769710506225
0.438762772079
0.315710291788
0.822703309425
0.891008344477
0.605496971579
0.613369150079
0.344998574815
0.67638293186
0.438209939841
0.882901243661
0.870429004344
0.543284031471
0.454158209626
0.738441863298
0.677109085391
0.740758916413
0.472499546457
0.581515869763
0.449767420145
0.87032259771
0.517494344367
0.836480716529
0.816214768106
0.771671022105
0.872642214027
0.500814114819
0.6123718429
0.660817176099
0.873266409932
0.471058252431
0.592831416685
0.832883542125
0.257714253552
0.886741955218
0.953280321458
0.768928093619
0.833511122441
0.853346357291
0.489023453674
0.763997985819
0.671456369506
0.768847839067
0.780431113539
0.612787530543
0.428662591959
0.843761027854
0.477018998211
0.816119135816
0.749221839415
0.830894298192
0.644606818387
0.572600661142
0.567659032674
0.654049725737
0.473001439502
0.960273105559
0.781462413269
0.740371096558
0.704773401557
1.00000010644
0.549580435316
0.835827242241
0.669081511967
0.760653410257
0.456811223468
0.857552051521
0.631501691972
0.806249188947
0.776331699167
0.691145667025
0.588218878324
0.603063876887
0.678791949128
0.949892866029
0.742981189623
0.746380637586
0.511242719697
0.755712435002
0.779889831107
0.692752265915
0.862267543633
0.52380476601
0.840740382065
0.68946758782
0.646518154974
0.82391751462
0.904836643932
0.345815605469
1.00000000569
0.685588742201
0.560970913998
0.792560537873
0.744316970951
0.744423322839
0.67425390746
0.597656374238
0.483154036961
0.667489639738
0.891949772188
0.7289640185
0.511272260962
0.784491744002
0.893677062796
0.857889848981
0.814455801754
0.877090228504
0.758173388239
0.319436432845
0.792032094443
0.762080848605
0.8511583447
0.726492220863
0.709933850914
0.875053067371
0.866835202335
0.543348904065
0.952189141362
0.347103284465
1.00000000098
0.651301244129
0.503204483947
0.72737269645
0.83119402436
0.737772693753
0.599160439959
0.546295458835
0.570041078031
0.961066873326
0.711292108355
0.789027222681
0.677389195327
0.825313647831
0.64026400465
0.864811365275
0.824369422445
0.758035962281
0.731321075676
0.827150868937
0.699131949713
0.67421686517
0.518688296584
0.643207910463
0.46789308807
0.556218118356
0.425282449561
0.752572337872
0.763343552119
0.89662185065
0.402301298724
1.00000002345
0.276020062883
0.727795059077
0.393826403505
0.567411287755
0.510202868295
0.569377990354
0.680065726825
0.827197310036
0.306672711027
0.586122195596
0.573049701256
0.370887282301
0.590772779598
0.444473833649
0.766621576789
0.836449524163
0.587247853124
0.905375369684
0.58714478601
0.651856609783
0.503780601173
0.873525658978
0.76661690279
0.914373033902
0.834403930637
0.792952027389
0.999999915865
0.879903138127
0.493105186721
0.622568695593
0.77660715606
0.760027219063
0.30613282558
0.952983727426
0.736662000818
0.83571344941
