0.285385117655
0.782781849623
0.674388320148
0.74267408902
0.999999993788
0.999999946739
0.229818461578
0.802945141766
0.809975966697
0.938523571404
0.265660228421
0.590396478501
0.789671747199
0.55469435347
0.705821098777
0.298893913208
0.662101598727
0.580770324964
0.435832123473
1.0000000262
0.33626456502
0.761431123342
0.82919304502
0.751702638679
1.00000008798
0.592132095788
0.543843449328
0.454421912416
0.539248841728
0.752655171973
0.469605899535
0.61166977214
0.734865456873
0.817154588567
0.846260714557
0.570847314872
0.43458245263
1.00000007836
0.683283360479
0.854930031288
1.00000013151
0.36394636056
1.00000017408
0.767804382199
0.820073475721
0.859109331223
0.747466030792
0.999999960014
0.99999995142
1.00000002433
0.259095952391
0.625412029616
0.860922290632
0.759154376879
0.539913687037
0.327010387063
0.538192949798
0.511353760302
0.832220527088
0.877978928043
0.728845630521
0.373739309848
0.813933404188
0.81017308453
1.00000014067
0.152676448906
1.00000008021
1.00000002717
0.659111779276
0.863838476853
0.718478613152
0.82589186924
0.768746379191
0.902891670846
1.00000006805
0.478259038265
0.502062680276
0.379657518791
0.559619004005
0.679256442371
0.155504144993
0.568197995907
0.999999959565
0.832387712735
0.684956809261
0.210679299366
0.418900998077
0.676158982636
0.689989172792
0.523095408982
0.32485999192
0.668760233069
0.367028786855
0.735421282635
1.00000007981
0.560162034682
0.272734297996
1.00000004994
0.548338135358
0.824564112417
0.241508427296
0.477079965558
0.623714652013
0.750068202967
0.860576075394
0.250633746929
0.732452865238
0.79901789981
0.646038076916
0.939862264723
0.334154493656
0.89997520575
1.00000012143
0.702464725471
0.796772873088
0.802247489579
0.813708354226
0.439791246017
0.907688979205
0.790973570173
0.81859835609
0.563517275448
0.609021862427
0.999999994892
0.799312112864
0.687189832795
0.450328124581
0.803566335122
0.882496446254
0.68122659504
0.404090557195
0.365143249407
1.00000009764
0.830648655278
0.702709702387
0.363911915231
0.602411428164
0.538909580458
0.892650077308
0.926380105694
0.294449139537
0.548866389531
0.849794854354
0.582265592079
0.672302742157
0.452702290558
0.388895158855
0.273237031983
0.664288383939
0.694252742982
0.754253533481
0.395463532685
1.00000008025
0.795133091948
0.677512026704
0.320808803532
0.753124235255
0.571988483989
0.749765046289
0.838195250646
0.426802315668
0.76773064407
0.809571146408
0.948168673919
0.778645825448
0.155320517618
0.160692132236
0.738521579223
0.87432156623
0.716118965094
0.376372104419
0.807711443677
0.802200540775
0.780327034692
0.635420274068
0.169441883218
0.79632028243
0.607445550795
0.806882103549
0.737850225527
0.264959787911
0.441814095629
0.51308940733
0.738123145032
1.0000000426
0.202046726842
0.291579792503
0.794657791022
0.694245209153
0.842303660322
0.119718555987
0.710182721883
0.99999996406
0.868738857651
1.00000002297
0.414028369162
0.803764584511
0.376734185317
0.728940842405
0.566636234601
1.00000009835
0.495109712857
0.502944600762
0.842304287829
0.819074322626
0.29252027875
0.477692522929
0.377093402395
1.00000000148
0.804647067097
0.192101783205
0.678224801648
0.620672275088
0.419550898658
0.91181341585
0.294707835754
0.779015527176
0.652579346133
0.762722420208
0.8747212453
0.628223560896
0.479005125063
0.747684942758
0.841756688492
1.00000008044
0.224427560995
0.676188539032
0.74885432111
0.712397550269
0.781794725276
0.501258915209
0.576457070589
0.624401112582
0.661084117479
0.86369699595
0.275349758072
0.484410686826
0.924531081234
0.713551106638
0.669171446194
0.354007308039
0.511818721831
0.775402744499
0.80394246914
0.558280190762
0.237701752611
0.237264465982
0.800414375601
0.797476914557
0.526756606146
0.61742284476
0.221310164744
0.68885166507
0.999999950158
0.914638983401
0.476482752999
0.568720641206
0.726159353947
1.00000005249
0.644281664175
0.304927780726
0.464306656738
0.854869646386
0.656952568434
0.737211068624
0.190472021511
0.55768436375
0.599128263982
0.755641183361
0.807067751466
0.136897322367
0.939992383063
0.650851506214
0.703903710039
0.820432506858
0.170696971381
0.649146365148
0.510262296301
0.420148049173
0.999999942924
0.198026771191
0.640764381068
0.681128364291
1.00000021299
0.671381982665
0.471315989635
0.511020339343
0.513111742078
0.676189773266
1.00000011431
0.85503288057
0.639432594561
0.812891683107
0.630385443889
0.819167763344
0.474136039862
0.569819360095
0.883148312954
0.673459255953
0.655263884803
0.216984104643
0.638074467027
0.550440327907
0.90797357619
0.908956879727
0.48265256523
0.690031099465
1.00000012051
1.00000010607
0.999999970102
0.601780852672
0.593689995852
0.925095812269
0.877193432494
0.834542901352
0.266523642896
0.468355239442
0.483152533767
0.856309471531
0.87203863498
0.498633618698
0.650515013181
0.57412154996
0.810422150789
0.897407600295
0.500754842701
0.629021243293
0.668440395322
0.788305443591
0.65887750325
0.521650427286
0.348595627737
0.776563221757
0.54347750578
0.878489200441
0.622213057372
0.706047433631
0.560197393121
0.804438361639
0.720240872632
0.578135889432
0.611729097232
0.400396877759
0.766072432784
0.599796419049
0.425264678076
0.574868251484
0.646146355911
0.721080716965
0.820839233432
0.182490061256
0.544549055646
0.0798067425355
0.738786991144
0.0971665102506
0.470349122888
0.620609636144
0.61273176235
0.155353585412
0.125425397862
0.720819732224
0.70359331269
0.416826168258
0.446021221842
0.487191360003
0.532758579382
0.215826416605
0.102415699355
0.170240962947
0.999999939554
0.339142697165
0.0926395110001
0.226956096627
0.434740782431
0.0837938878629
0.41995040647
0.076646172642
0.652563907674
0.0663498147097
0.12535024038
0.199695679633
0.771836013114
0.111814413026
0.457300433112
0.579443660485
1.00000008126
0.169503405483
0.164995645765
0.446821157637
0.737927794559
0.0907878668684
0.457480252356
0.439523972235
1.00000008787
0.537513835909
0.107783215697
0.604041138643
0.423984324741
0.329787730682
0.152589245456
0.558993539641
0.731271638909
0.22253962551
0.189225369584
0.469958755376
0.870189605291
0.14097956392
0.562587242382
0.440293815567
0.556153813972
0.118396652416
0.205564783292
0.431721279591
0.8747212453
0.61214733042
0.434530522579
0.481493649179
0.766103289116
0.181822259406
0.174240334685
0.555181547602
1.00000008787
0.155154334685
0.305560018712
0.999999950158
0.820432506858
0.351162761141
0.2242304394
0.458991911729
0.604450596578
0.145995448896
0.0962474215553
0.390923252312
0.702709702387
0.364061644317
0.495108667033
0.407177134478
1.00000008126
0.441147614353
0.0939350192217
0.590708028707
0.559966596529
0.182904244808
0.335967585255
0.262428516586
0.884165159406
0.0776871779492
0.487852448422
0.552047869459
1.00000017438
0.392722930315
0.453298957421
0.437205914671
1.00000002455
0.0815639396286
0.436696886098
0.395786382577
0.591274219693
0.176077733964
0.0757670747244
0.444311695441
0.903240213407
0.165858804598
0.177192629682
0.564950442054
0.721182959186
0.0987571554479
0.350893209417
0.198903547961
0.820839233432
0.108821980535
0.62745174843
0.555358219913
0.552156499266
0.104732596653
0.500297313578
0.391263632176
0.702709702387
0.101332757729
0.23846793646
0.70260842414
0.818182532676
0.208508308862
0.229182647194
0.337006658794
0.999999968872
0.12355284373
0.143208817794
0.52879876616
0.721996468884
0.38263868816
0.138272838854
0.579443660485
0.590146159405
0.101464136085
0.595547084428
0.688980191835
1.00000002455
0.122908412119
0.0986773301787
0.806882103549
0.597446613956
0.109357241491
0.426136690066
0.428584365242
0.999999945099
0.26530896928
0.326764041631
0.428386408418
0.663670229796
0.139208678364
0.306881626288
0.455030787053
0.545053539075
0.124916399591
0.377781629211
0.468691227418
0.913197556325
0.0902545222285
0.219867214591
0.15448771633
0.999999939554
0.188028621477
0.247750320991
0.546463115369
0.842122639393
0.11124572284
0.176123400171
0.549732194062
0.582553178025
0.413105694962
0.529315504453
0.532758579382
0.909955480572
0.293812040775
0.239219876945
0.600986679982
0.602495455149
0.142462349567
0.194366372308
0.711416664382
0.601290300001
0.0603075783609
0.134765851556
0.463429241611
0.804842191025
0.103752441833
0.303441888814
0.561714943343
1.00000000224
0.166199231823
0.0
0.192498990626
0.902891548561
0.101339683226
0.22462809825
0.459899308478
0.766103289116
0.133633190486
0.386319188836
0.594175372423
0.40814183883
0.182175432204
0.489025044905
0.327198752079
0.591274219693
0.107911518685
0.454853561791
0.419555355494
0.873700446085
0.0496385602472
0.165325512939
0.43785974886
0.836796264592
0.188009849222
0.446740993568
0.53478404259
0.68122659504
0.334414153765
0.249341927247
0.717232075414
0.0777970803993
0.117046345083
0.372503591926
0.390051351166
1.00000008126
0.171747095175
0.150056165259
1.00000025985
1.00000008126
0.164540575763
0.169146510343
0.747312535659
0.903240213407
0.19152561199
0.345514569053
0.451863646528
1.00000001258
0.0974880528636
0.24013212956
0.0762846626063
0.778645825448
0.455386500803
0.407908673959
0.479684118515
1.00000004399
0.243924353904
0.10502083483
0.512927033118
0.802866350769
0.307429889089
0.0917275009567
0.465994369749
0.520553618688
0.1155091919
0.0763437858556
0.459899308478
1.00000002455
0.454260537496
0.512491290588
0.366784038439
0.613553335948
0.360175362441
0.629208674464
0.426699696372
0.818182532676
0.722739903381
0.082410093467
0.109104508189
0.999999992887
0.10654558751
0.463005251117
0.102559715463
0.929927691851
0.281018968268
0.0286884666507
0.676891169512
0.466629922589
0.14150850003
0.414943789286
0.437080930554
0.68122659504
0.228800099152
0.117382848423
0.661139631323
0.999999945099
0.175678403914
0.13039834382
0.450279525693
0.834650284382
0.310009557381
0.176197874149
0.440869699423
0.545053539075
0.143467162582
0.337113169468
0.37295470377
0.583349505303
0.115921522585
0.371880392498
0.781563810421
0.778645825448
0.184051842687
0.420913994015
0.524644227498
0.702709702387
0.101224396206
0.130118861249
0.474013934329
0.73244922549
0.0748946064061
0.628697472331
0.339701176931
0.714489105972
0.223172685364
0.161720403475
0.360596114425
0.525963582867
0.0886534698921
0.182234501745
0.530388013157
0.532758579382
0.153737464396
0.155832665024
0.441544535158
0.999999958638
0.199392112954
0.298232422643
0.400806450896
0.666723967026
0.115667693011
0.137179628572
0.496778444265
0.702709702387
0.319010529174
0.114791728112
0.715791779791
0.582553178025
0.134129227231
0.338730716212
0.509214665157
0.820432506858
0.476818413394
0.160106349353
0.103779227488
0.778645825448
0.141959326129
0.332062549388
0.635972907926
0.872487177775
0.120566614151
0.13235001805
0.414018527201
0.79836118395
0.24779867974
0.0292208470151
0.579443660485
0.730449176284
0.146650316428
0.272399925123
0.307743767904
0.820166982272
0.120019356099
0.436209029136
0.88018073744
1.00000008126
0.232621046392
0.387296760992
0.743878949486
0.598061814682
0.138078499204
0.78064894247
0.479775748596
0.735046999452
0.388422747249
0.143417887289
0.698043050363
0.434740782431
0.568685195709
0.311661279766
0.390051351166
0.70359331269
0.108455124544
0.417267065161
0.219007041316
0.79836118395
0.553741835996
0.190715457271
0.688980191835
1.00000008126
